#comment
In the #data section of this text file, there is one chunck of feedback data every 10 ms.
Each chunck contains an area function represented by 40 tube sections.Each chunck containes the following lines:

Time from the beginning of the utterance in seconds
area0 area1 area2 area3 ... (Areas of the tube sections in cm^2 from glottis to mouth)
length0 length1 length2 length3 ... (Lengths of the tube sections in cm from glottis to mouth)
vocal_tract_param_0 vocal_tract_param_1 ...
glottis_param_0 glottis_param_1 ...

#data
0
0.651029 0.511129 0.40871 0.345877 0.880144 5.41683 5.60609 5.90392 5.57069 5.57325 6.09841 5.94039 5.73081 5.67833 5.70498 6.16221 5.61388 5.62009 5.2448 4.72293 3.80655 3.04771 3.00622 2.59722 1.70212 0.959303 0.4907 0.127436 0.001 0.001 0.001 0.001 0.001 0.001 0.001 0.001 0.10622 0.347838 0.540829 0.595288 
0.514274 0.514274 0.514274 0.514274 0.514274 0.514274 0.514274 0.514274 0.514274 0.514274 0.514274 0.514274 0.514274 0.514274 0.514274 0.514274 0.502055 0.481588 0.46201 0.443322 0.425523 0.408615 0.392597 0.377469 0.36323 0.349881 0.337423 0.325854 0.315175 0.305386 0.296487 0.288478 0.281359 0.275129 0.26979 0.26534 0.261781 0.259111 0.257331 0.256441 
0.970342 -5.30976 -0.2 -1.93542 -0.302892 0.652832 0.117228 -0.1 0 2.24352 -0.93254 4.75374 -1.64401 3.9224 1.96979 -1.853 -1.7267 1.4173 -1.57225 0.70732 -0.159886 0 0 0 
103.826 0 0.0003 0.0003 0 0.88 -40 
0.01
0.651029 0.511129 0.40871 0.345877 0.880144 5.41683 5.60609 5.90392 5.57069 5.57325 6.09841 5.94039 5.73081 5.67833 5.70498 6.16221 5.61388 5.62009 5.2448 4.72293 3.80655 3.04771 3.00622 2.59722 1.70212 0.959303 0.4907 0.127436 0.001 0.001 0.001 0.001 0.001 0.001 0.001 0.001 0.10622 0.347838 0.540829 0.595288 
0.514274 0.514274 0.514274 0.514274 0.514274 0.514274 0.514274 0.514274 0.514274 0.514274 0.514274 0.514274 0.514274 0.514274 0.514274 0.514274 0.502055 0.481588 0.46201 0.443322 0.425523 0.408615 0.392597 0.377469 0.36323 0.349881 0.337423 0.325854 0.315175 0.305386 0.296487 0.288478 0.281359 0.275129 0.26979 0.26534 0.261781 0.259111 0.257331 0.256441 
0.970342 -5.30976 -0.2 -1.93542 -0.302892 0.652832 0.117228 -0.1 0 2.24352 -0.93254 4.75374 -1.64401 3.9224 1.96979 -1.853 -1.7267 1.4173 -1.57225 0.70732 -0.159886 0 0 0 
103.826 0 0.0003 0.0003 0 0.88 -40 
0.02
0.651029 0.511129 0.40871 0.345877 0.880144 5.41683 5.60609 5.90392 5.57069 5.57325 6.09841 5.94039 5.73081 5.67833 5.70498 6.16221 5.61388 5.62009 5.2448 4.72293 3.80655 3.04771 3.00622 2.59722 1.70212 0.959303 0.4907 0.127436 0.001 0.001 0.001 0.001 0.001 0.001 0.001 0.001 0.10622 0.347838 0.540829 0.595288 
0.514274 0.514274 0.514274 0.514274 0.514274 0.514274 0.514274 0.514274 0.514274 0.514274 0.514274 0.514274 0.514274 0.514274 0.514274 0.514274 0.502055 0.481588 0.46201 0.443322 0.425523 0.408615 0.392597 0.377469 0.36323 0.349881 0.337423 0.325854 0.315175 0.305386 0.296487 0.288478 0.281359 0.275129 0.26979 0.26534 0.261781 0.259111 0.257331 0.256441 
0.970342 -5.30976 -0.2 -1.93542 -0.302892 0.652832 0.117228 -0.1 0 2.24352 -0.93254 4.75374 -1.64401 3.9224 1.96979 -1.853 -1.7267 1.4173 -1.57225 0.70732 -0.159886 0 0 0 
103.826 0 0.0003 0.0003 0 0.88 -40 
0.03
0.651029 0.511129 0.40871 0.345877 0.880144 5.41683 5.60609 5.90392 5.57069 5.57325 6.09841 5.94039 5.73081 5.67833 5.70498 6.16221 5.61388 5.62009 5.2448 4.72293 3.80655 3.04771 3.00622 2.59722 1.70212 0.959303 0.4907 0.127436 0.001 0.001 0.001 0.001 0.001 0.001 0.001 0.001 0.10622 0.347838 0.540829 0.595288 
0.514274 0.514274 0.514274 0.514274 0.514274 0.514274 0.514274 0.514274 0.514274 0.514274 0.514274 0.514274 0.514274 0.514274 0.514274 0.514274 0.502055 0.481588 0.46201 0.443322 0.425523 0.408615 0.392597 0.377469 0.36323 0.349881 0.337423 0.325854 0.315175 0.305386 0.296487 0.288478 0.281359 0.275129 0.26979 0.26534 0.261781 0.259111 0.257331 0.256441 
0.970342 -5.30976 -0.2 -1.93542 -0.302892 0.652832 0.117228 -0.1 0 2.24352 -0.93254 4.75374 -1.64401 3.9224 1.96979 -1.853 -1.7267 1.4173 -1.57225 0.70732 -0.159886 0 0 0 
103.826 0 0.0003 0.0003 0 0.88 -40 
0.04
0.651029 0.511129 0.40871 0.345877 0.880144 5.41683 5.60609 5.90392 5.57069 5.57325 6.09841 5.94039 5.73081 5.67833 5.70498 6.16221 5.61388 5.62009 5.2448 4.72293 3.80655 3.04771 3.00622 2.59722 1.70212 0.959303 0.4907 0.127436 0.001 0.001 0.001 0.001 0.001 0.001 0.001 0.001 0.10622 0.347838 0.540829 0.595288 
0.514274 0.514274 0.514274 0.514274 0.514274 0.514274 0.514274 0.514274 0.514274 0.514274 0.514274 0.514274 0.514274 0.514274 0.514274 0.514274 0.502055 0.481588 0.46201 0.443322 0.425523 0.408615 0.392597 0.377469 0.36323 0.349881 0.337423 0.325854 0.315175 0.305386 0.296487 0.288478 0.281359 0.275129 0.26979 0.26534 0.261781 0.259111 0.257331 0.256441 
0.970342 -5.30976 -0.2 -1.93542 -0.302892 0.652832 0.117228 -0.1 0 2.24352 -0.93254 4.75374 -1.64401 3.9224 1.96979 -1.853 -1.7267 1.4173 -1.57225 0.70732 -0.159886 0 0 0 
103.826 0 0.0003 0.0003 0 0.88 -40 
0.05
0.651029 0.511129 0.40871 0.345877 0.880144 5.41683 5.60609 5.90392 5.57069 5.57325 6.09841 5.94039 5.73081 5.67833 5.70498 6.16221 5.61388 5.62009 5.2448 4.72293 3.80655 3.04771 3.00622 2.59722 1.70212 0.959303 0.4907 0.127436 0.001 0.001 0.001 0.001 0.001 0.001 0.001 0.001 0.10622 0.347838 0.540829 0.595288 
0.514274 0.514274 0.514274 0.514274 0.514274 0.514274 0.514274 0.514274 0.514274 0.514274 0.514274 0.514274 0.514274 0.514274 0.514274 0.514274 0.502055 0.481588 0.46201 0.443322 0.425523 0.408615 0.392597 0.377469 0.36323 0.349881 0.337423 0.325854 0.315175 0.305386 0.296487 0.288478 0.281359 0.275129 0.26979 0.26534 0.261781 0.259111 0.257331 0.256441 
0.970342 -5.30976 -0.2 -1.93542 -0.302892 0.652832 0.117228 -0.1 0 2.24352 -0.93254 4.75374 -1.64401 3.9224 1.96979 -1.853 -1.7267 1.4173 -1.57225 0.70732 -0.159886 0 0 0 
103.826 0 0.0003 0.0003 0 0.88 -40 
0.06
0.651029 0.511129 0.40871 0.345877 0.880144 5.41683 5.60609 5.90392 5.57069 5.57325 6.09841 5.94039 5.73081 5.67833 5.70498 6.16221 5.61388 5.62009 5.2448 4.72293 3.80655 3.04771 3.00622 2.59722 1.70212 0.959303 0.4907 0.127436 0.001 0.001 0.001 0.001 0.001 0.001 0.001 0.001 0.10622 0.347838 0.540829 0.595288 
0.514274 0.514274 0.514274 0.514274 0.514274 0.514274 0.514274 0.514274 0.514274 0.514274 0.514274 0.514274 0.514274 0.514274 0.514274 0.514274 0.502055 0.481588 0.46201 0.443322 0.425523 0.408615 0.392597 0.377469 0.36323 0.349881 0.337423 0.325854 0.315175 0.305386 0.296487 0.288478 0.281359 0.275129 0.26979 0.26534 0.261781 0.259111 0.257331 0.256441 
0.970342 -5.30976 -0.2 -1.93542 -0.302892 0.652832 0.117228 -0.1 0 2.24352 -0.93254 4.75374 -1.64401 3.9224 1.96979 -1.853 -1.7267 1.4173 -1.57225 0.70732 -0.159886 0 0 0 
103.826 0 0.0003 0.0003 0 0.88 -40 
0.07
0.651029 0.511129 0.40871 0.345877 0.880144 5.41683 5.60609 5.90392 5.57069 5.57325 6.09841 5.94039 5.73081 5.67833 5.70498 6.16221 5.61388 5.62009 5.2448 4.72293 3.80655 3.04771 3.00622 2.59722 1.70212 0.959303 0.4907 0.127436 0.001 0.001 0.001 0.001 0.001 0.001 0.001 0.001 0.10622 0.347838 0.540829 0.595288 
0.514274 0.514274 0.514274 0.514274 0.514274 0.514274 0.514274 0.514274 0.514274 0.514274 0.514274 0.514274 0.514274 0.514274 0.514274 0.514274 0.502055 0.481588 0.46201 0.443322 0.425523 0.408615 0.392597 0.377469 0.36323 0.349881 0.337423 0.325854 0.315175 0.305386 0.296487 0.288478 0.281359 0.275129 0.26979 0.26534 0.261781 0.259111 0.257331 0.256441 
0.970342 -5.30976 -0.2 -1.93542 -0.302892 0.652832 0.117228 -0.1 0 2.24352 -0.93254 4.75374 -1.64401 3.9224 1.96979 -1.853 -1.7267 1.4173 -1.57225 0.70732 -0.159886 0 0 0 
103.826 286.567 0.0003 0.0003 0 0.88 -40 
0.08
0.651029 0.511129 0.40871 0.345877 0.880144 5.41683 5.60609 5.90392 5.57069 5.57325 6.09841 5.94039 5.73081 5.67833 5.70498 6.16221 5.61388 5.62009 5.2448 4.72293 3.80655 3.04771 3.00622 2.59722 1.70212 0.959303 0.4907 0.127436 0.001 0.001 0.001 0.001 0.001 0.001 0.001 0.001 0.10622 0.347838 0.540829 0.595288 
0.514274 0.514274 0.514274 0.514274 0.514274 0.514274 0.514274 0.514274 0.514274 0.514274 0.514274 0.514274 0.514274 0.514274 0.514274 0.514274 0.502055 0.481588 0.46201 0.443322 0.425523 0.408615 0.392597 0.377469 0.36323 0.349881 0.337423 0.325854 0.315175 0.305386 0.296487 0.288478 0.281359 0.275129 0.26979 0.26534 0.261781 0.259111 0.257331 0.256441 
0.970342 -5.30976 -0.2 -1.93542 -0.302892 0.652832 0.117228 -0.1 0 2.24352 -0.93254 4.75374 -1.64401 3.9224 1.96979 -1.853 -1.7267 1.4173 -1.57225 0.70732 -0.159886 0 0 0 
103.826 667.315 0.0003 0.0003 0 0.88 -40 
0.09
0.651029 0.511129 0.40871 0.345877 0.880144 5.41683 5.60609 5.90392 5.57069 5.57325 6.09841 5.94039 5.73081 5.67833 5.70498 6.16221 5.61388 5.62009 5.2448 4.72293 3.80655 3.04771 3.00622 2.59722 1.70212 0.959303 0.4907 0.127436 0.001 0.001 0.001 0.001 0.001 0.001 0.001 0.001 0.10622 0.347838 0.540829 0.595288 
0.514274 0.514274 0.514274 0.514274 0.514274 0.514274 0.514274 0.514274 0.514274 0.514274 0.514274 0.514274 0.514274 0.514274 0.514274 0.514274 0.502055 0.481588 0.46201 0.443322 0.425523 0.408615 0.392597 0.377469 0.36323 0.349881 0.337423 0.325854 0.315175 0.305386 0.296487 0.288478 0.281359 0.275129 0.26979 0.26534 0.261781 0.259111 0.257331 0.256441 
0.970342 -5.30976 -0.2 -1.93542 -0.302892 0.652832 0.117228 -0.1 0 2.24352 -0.93254 4.75374 -1.64401 3.9224 1.96979 -1.853 -1.7267 1.4173 -1.57225 0.70732 -0.159886 0 0 0 
103.909 882.394 0.0003 0.0003 0 0.88 -40 
0.1
0.651029 0.511129 0.40871 0.345877 0.880144 5.41683 5.60609 5.90392 5.57069 5.57325 6.09841 5.94039 5.73081 5.67833 5.70498 6.16221 5.61388 5.62009 5.2448 4.72293 3.80655 3.04771 3.00622 2.59722 1.70212 0.959303 0.4907 0.127436 0.001 0.001 0.001 0.001 0.001 0.001 0.001 0.001 0.10622 0.347838 0.540829 0.595288 
0.514274 0.514274 0.514274 0.514274 0.514274 0.514274 0.514274 0.514274 0.514274 0.514274 0.514274 0.514274 0.514274 0.514274 0.514274 0.514274 0.502055 0.481588 0.46201 0.443322 0.425523 0.408615 0.392597 0.377469 0.36323 0.349881 0.337423 0.325854 0.315175 0.305386 0.296487 0.288478 0.281359 0.275129 0.26979 0.26534 0.261781 0.259111 0.257331 0.256441 
0.970342 -5.30976 -0.2 -1.93542 -0.302892 0.652832 0.117228 -0.1 0 2.24352 -0.93254 4.75374 -1.64401 3.9224 1.96979 -1.853 -1.7267 1.4173 -1.57225 0.70732 -0.159886 0 0 0 
104.207 965.3 0.0003 0.0003 0 0.88 -40 
0.11
0.651029 0.511129 0.40871 0.345877 0.880144 5.41683 5.60609 5.90392 5.57069 5.57325 6.09841 5.94039 5.73081 5.67833 5.70498 6.16221 5.61388 5.62009 5.2448 4.72293 3.80655 3.04771 3.00622 2.59722 1.70212 0.959303 0.4907 0.127436 0.001 0.001 0.001 0.001 0.001 0.001 0.001 0.001 0.10622 0.347838 0.540829 0.595288 
0.514274 0.514274 0.514274 0.514274 0.514274 0.514274 0.514274 0.514274 0.514274 0.514274 0.514274 0.514274 0.514274 0.514274 0.514274 0.514274 0.502055 0.481588 0.46201 0.443322 0.425523 0.408615 0.392597 0.377469 0.36323 0.349881 0.337423 0.325854 0.315175 0.305386 0.296487 0.288478 0.281359 0.275129 0.26979 0.26534 0.261781 0.259111 0.257331 0.256441 
0.970342 -5.30976 -0.2 -1.93542 -0.302892 0.652832 0.117228 -0.1 0 2.24352 -0.93254 4.75374 -1.64401 3.9224 1.96979 -1.853 -1.7267 1.4173 -1.57225 0.70732 -0.159886 0 0 0 
104.713 990.964 0.0003 0.0003 0 0.88 -40 
0.12
0.651029 0.511129 0.40871 0.345877 0.880144 5.41683 5.60609 5.90392 5.57069 5.57325 6.09841 5.94039 5.73081 5.67833 5.70498 6.16221 5.61388 5.62009 5.2448 4.72293 3.80655 3.04771 3.00622 2.59722 1.70212 0.959303 0.4907 0.127436 0.001 0.001 0.001 0.001 0.001 0.001 0.001 0.001 0.10622 0.347838 0.540829 0.595288 
0.514274 0.514274 0.514274 0.514274 0.514274 0.514274 0.514274 0.514274 0.514274 0.514274 0.514274 0.514274 0.514274 0.514274 0.514274 0.514274 0.502055 0.481588 0.46201 0.443322 0.425523 0.408615 0.392597 0.377469 0.36323 0.349881 0.337423 0.325854 0.315175 0.305386 0.296487 0.288478 0.281359 0.275129 0.26979 0.26534 0.261781 0.259111 0.257331 0.256441 
0.970342 -5.30976 -0.2 -1.93542 -0.302892 0.652832 0.117228 -0.1 0 2.24352 -0.93254 4.75374 -1.64401 3.9224 1.96979 -1.853 -1.7267 1.4173 -1.57225 0.70732 -0.159886 0 0 0 
105.339 997.852 0.0003 0.0003 0 0.88 -40 
0.13
0.651029 0.511129 0.40871 0.345877 0.880144 5.41683 5.60609 5.90392 5.57069 5.57325 6.09841 5.94039 5.73081 5.67833 5.70498 6.16221 5.61388 5.62009 5.2448 4.72293 3.80655 3.04771 3.00622 2.59722 1.70212 0.959303 0.4907 0.127436 0.001 0.001 0.001 0.001 0.001 0.001 0.001 0.001 0.10622 0.347838 0.540829 0.595288 
0.514274 0.514274 0.514274 0.514274 0.514274 0.514274 0.514274 0.514274 0.514274 0.514274 0.514274 0.514274 0.514274 0.514274 0.514274 0.514274 0.502055 0.481588 0.46201 0.443322 0.425523 0.408615 0.392597 0.377469 0.36323 0.349881 0.337423 0.325854 0.315175 0.305386 0.296487 0.288478 0.281359 0.275129 0.26979 0.26534 0.261781 0.259111 0.257331 0.256441 
0.970342 -5.30976 -0.2 -1.93542 -0.302892 0.652832 0.117228 -0.1 0 2.24352 -0.93254 4.75374 -1.64401 3.9224 1.96979 -1.853 -1.7267 1.4173 -1.57225 0.70732 -0.159886 0 0 0 
106.004 999.523 0.0003 0.0003 0 0.88 -40 
0.14
0.651029 0.511129 0.40871 0.345877 0.880144 5.41683 5.60609 5.90392 5.57069 5.57325 6.09841 5.94039 5.73081 5.67833 5.70498 6.16221 5.61388 5.62009 5.2448 4.72293 3.80655 3.04771 3.00622 2.59722 1.70212 0.959303 0.4907 0.127436 0.001 0.001 0.001 0.001 0.001 0.001 0.001 0.001 0.10622 0.347838 0.540829 0.595288 
0.514274 0.514274 0.514274 0.514274 0.514274 0.514274 0.514274 0.514274 0.514274 0.514274 0.514274 0.514274 0.514274 0.514274 0.514274 0.514274 0.502055 0.481588 0.46201 0.443322 0.425523 0.408615 0.392597 0.377469 0.36323 0.349881 0.337423 0.325854 0.315175 0.305386 0.296487 0.288478 0.281359 0.275129 0.26979 0.26534 0.261781 0.259111 0.257331 0.256441 
0.970342 -5.30976 -0.2 -1.93542 -0.302892 0.652832 0.117228 -0.1 0 2.24352 -0.93254 4.75374 -1.64401 3.9224 1.96979 -1.853 -1.7267 1.4173 -1.57225 0.70732 -0.159886 0 0 0 
106.665 999.9 0.0003 0.0003 0 0.88 -40 
0.15
0.651029 0.511129 0.40871 0.345877 0.880144 5.41683 5.60609 5.90392 5.57069 5.57325 6.09841 5.94039 5.73081 5.67833 5.70498 6.16221 5.61388 5.62009 5.2448 4.72293 3.80655 3.04771 3.00622 2.59722 1.70212 0.959303 0.4907 0.127436 0.001 0.001 0.001 0.001 0.001 0.001 0.001 0.001 0.10622 0.347838 0.540829 0.595288 
0.514274 0.514274 0.514274 0.514274 0.514274 0.514274 0.514274 0.514274 0.514274 0.514274 0.514274 0.514274 0.514274 0.514274 0.514274 0.514274 0.502055 0.481588 0.46201 0.443322 0.425523 0.408615 0.392597 0.377469 0.36323 0.349881 0.337423 0.325854 0.315175 0.305386 0.296487 0.288478 0.281359 0.275129 0.26979 0.26534 0.261781 0.259111 0.257331 0.256441 
0.970342 -5.30976 -0.2 -1.93542 -0.302892 0.652832 0.117228 -0.1 0 2.24352 -0.93254 4.75374 -1.64401 3.9224 1.96979 -1.853 -1.7267 1.4173 -1.57225 0.70732 -0.159886 0 0 0 
107.306 999.98 0.0003 0.0003 0 0.88 -40 
0.16
0.651029 0.511129 0.40871 0.345877 0.880144 5.41683 5.60609 5.90392 5.57069 5.57325 6.09841 5.94039 5.73081 5.67833 5.70498 6.16221 5.61388 5.62009 5.2448 4.72293 3.80655 3.04771 3.00622 2.59722 1.70212 0.959303 0.4907 0.127436 0.001 0.001 0.001 0.001 0.001 0.001 0.001 0.001 0.10622 0.347838 0.540829 0.595288 
0.514274 0.514274 0.514274 0.514274 0.514274 0.514274 0.514274 0.514274 0.514274 0.514274 0.514274 0.514274 0.514274 0.514274 0.514274 0.514274 0.502055 0.481588 0.46201 0.443322 0.425523 0.408615 0.392597 0.377469 0.36323 0.349881 0.337423 0.325854 0.315175 0.305386 0.296487 0.288478 0.281359 0.275129 0.26979 0.26534 0.261781 0.259111 0.257331 0.256441 
0.970342 -5.30976 -0.2 -1.93542 -0.302892 0.652832 0.117228 -0.1 0 2.24352 -0.93254 4.75374 -1.64401 3.9224 1.96979 -1.853 -1.7267 1.4173 -1.57225 0.70732 -0.159886 0 0 0 
107.927 999.996 0.0003 0.0003 0 0.88 -40 
0.17
0.651029 0.511129 0.40871 0.345877 0.880144 5.41683 5.60609 5.90392 5.57069 5.57325 6.09841 5.94039 5.73081 5.67833 5.70498 6.16221 5.61388 5.62009 5.2448 4.72293 3.80655 3.04771 3.00622 2.59722 1.70212 0.959303 0.4907 0.127436 0.001 0.001 0.001 0.001 0.001 0.001 0.001 0.001 0.10622 0.347838 0.540829 0.595288 
0.514274 0.514274 0.514274 0.514274 0.514274 0.514274 0.514274 0.514274 0.514274 0.514274 0.514274 0.514274 0.514274 0.514274 0.514274 0.514274 0.502055 0.481588 0.46201 0.443322 0.425523 0.408615 0.392597 0.377469 0.36323 0.349881 0.337423 0.325854 0.315175 0.305386 0.296487 0.288478 0.281359 0.275129 0.26979 0.26534 0.261781 0.259111 0.257331 0.256441 
0.970342 -5.30976 -0.2 -1.93542 -0.302892 0.652832 0.117228 -0.1 0 2.24352 -0.93254 4.75374 -1.64401 3.9224 1.96979 -1.853 -1.7267 1.4173 -1.57225 0.70732 -0.159886 0 0 0 
108.534 999.999 0.0003 0.0003 0 0.88 -40 
0.18
0.651029 0.511129 0.40871 0.345877 0.880144 5.41683 5.60609 5.90392 5.57069 5.57325 6.09841 5.94039 5.73081 5.67833 5.70498 6.16221 5.61388 5.62009 5.2448 4.72293 3.80655 3.04771 3.00622 2.59722 1.70212 0.959303 0.4907 0.127436 0.001 0.001 0.001 0.001 0.001 0.001 0.001 0.001 0.10622 0.347838 0.540829 0.595288 
0.514274 0.514274 0.514274 0.514274 0.514274 0.514274 0.514274 0.514274 0.514274 0.514274 0.514274 0.514274 0.514274 0.514274 0.514274 0.514274 0.502055 0.481588 0.46201 0.443322 0.425523 0.408615 0.392597 0.377469 0.36323 0.349881 0.337423 0.325854 0.315175 0.305386 0.296487 0.288478 0.281359 0.275129 0.26979 0.26534 0.261781 0.259111 0.257331 0.256441 
0.970342 -5.30976 -0.2 -1.93542 -0.302892 0.652832 0.117228 -0.1 0 2.24352 -0.93254 4.75374 -1.64401 3.9224 1.96979 -1.853 -1.7267 1.4173 -1.57225 0.70732 -0.159886 0 0 0 
109.133 1000 0.0003 0.0003 0 0.88 -40 
0.19
0.651029 0.511129 0.40871 0.345877 0.880144 5.41683 5.60609 5.90392 5.57069 5.57325 6.09841 5.94039 5.73081 5.67833 5.70498 6.16221 5.61388 5.62009 5.2448 4.72293 3.80655 3.04771 3.00622 2.59722 1.70212 0.959303 0.4907 0.127436 0.001 0.001 0.001 0.001 0.001 0.001 0.001 0.001 0.10622 0.347838 0.540829 0.595288 
0.514274 0.514274 0.514274 0.514274 0.514274 0.514274 0.514274 0.514274 0.514274 0.514274 0.514274 0.514274 0.514274 0.514274 0.514274 0.514274 0.502055 0.481588 0.46201 0.443322 0.425523 0.408615 0.392597 0.377469 0.36323 0.349881 0.337423 0.325854 0.315175 0.305386 0.296487 0.288478 0.281359 0.275129 0.26979 0.26534 0.261781 0.259111 0.257331 0.256441 
0.970342 -5.30976 -0.2 -1.93542 -0.302892 0.652832 0.117228 -0.1 0 2.24352 -0.93254 4.75374 -1.64401 3.9224 1.96979 -1.853 -1.7267 1.4173 -1.57225 0.70732 -0.159886 0 0 0 
109.728 1000 0.0003 0.0003 0 0.88 -40 
0.2
0.651029 0.511129 0.40871 0.345877 0.880144 5.41683 5.60609 5.90392 5.57069 5.57325 6.09841 5.94039 5.73081 5.67833 5.70498 6.16221 5.61388 5.62009 5.2448 4.72293 3.80655 3.04771 3.00622 2.59722 1.70212 0.959303 0.4907 0.127436 0.001 0.001 0.001 0.001 0.001 0.001 0.001 0.001 0.10622 0.347838 0.540829 0.595288 
0.514274 0.514274 0.514274 0.514274 0.514274 0.514274 0.514274 0.514274 0.514274 0.514274 0.514274 0.514274 0.514274 0.514274 0.514274 0.514274 0.502055 0.481588 0.46201 0.443322 0.425523 0.408615 0.392597 0.377469 0.36323 0.349881 0.337423 0.325854 0.315175 0.305386 0.296487 0.288478 0.281359 0.275129 0.26979 0.26534 0.261781 0.259111 0.257331 0.256441 
0.970342 -5.30976 -0.2 -1.93542 -0.302892 0.652832 0.117228 -0.1 0 2.24352 -0.93254 4.75374 -1.64401 3.9224 1.96979 -1.853 -1.7267 1.4173 -1.57225 0.70732 -0.159886 0 0 0 
110.322 1000 0.0003 0.0003 0 0.88 -40 
0.21
0.651029 0.511129 0.40871 0.345877 0.880144 5.41683 5.60609 5.90392 5.57069 5.57325 6.09841 5.94039 5.73081 5.67833 5.70498 6.16221 5.61388 5.62009 5.2448 4.72293 3.80655 3.04771 3.00622 2.59722 1.70212 0.959303 0.4907 0.127436 0.001 0.001 0.001 0.001 0.001 0.001 0.001 0.001 0.10622 0.347838 0.540829 0.595288 
0.514274 0.514274 0.514274 0.514274 0.514274 0.514274 0.514274 0.514274 0.514274 0.514274 0.514274 0.514274 0.514274 0.514274 0.514274 0.514274 0.502055 0.481588 0.46201 0.443322 0.425523 0.408615 0.392597 0.377469 0.36323 0.349881 0.337423 0.325854 0.315175 0.305386 0.296487 0.288478 0.281359 0.275129 0.26979 0.26534 0.261781 0.259111 0.257331 0.256441 
0.970342 -5.30976 -0.2 -1.93542 -0.302892 0.652832 0.117228 -0.1 0 2.24352 -0.93254 4.75374 -1.64401 3.9224 1.96979 -1.853 -1.7267 1.4173 -1.57225 0.70732 -0.159886 0 0 0 
110.917 1000 0.0003 0.0003 0 0.88 -40 
0.22
0.651029 0.511129 0.40871 0.345877 0.880144 5.41683 5.60609 5.90392 5.57069 5.57325 6.09841 5.94039 5.73081 5.67833 5.70498 6.16221 5.61388 5.62009 5.2448 4.72293 3.80655 3.04771 3.00622 2.59722 1.70212 0.959303 0.4907 0.127436 0.001 0.001 0.001 0.001 0.001 0.001 0.001 0.001 0.10622 0.347838 0.540829 0.595288 
0.514274 0.514274 0.514274 0.514274 0.514274 0.514274 0.514274 0.514274 0.514274 0.514274 0.514274 0.514274 0.514274 0.514274 0.514274 0.514274 0.502055 0.481588 0.46201 0.443322 0.425523 0.408615 0.392597 0.377469 0.36323 0.349881 0.337423 0.325854 0.315175 0.305386 0.296487 0.288478 0.281359 0.275129 0.26979 0.26534 0.261781 0.259111 0.257331 0.256441 
0.970342 -5.30976 -0.2 -1.93542 -0.302892 0.652832 0.117228 -0.1 0 2.24352 -0.93254 4.75374 -1.64401 3.9224 1.96979 -1.853 -1.7267 1.4173 -1.57225 0.70732 -0.159886 0 0 0 
111.514 1000 0.0003 0.0003 0 0.88 -40 
0.23
0.651029 0.511129 0.40871 0.345877 0.880144 5.41683 5.60609 5.90392 5.57069 5.57325 6.09841 5.94039 5.73081 5.67833 5.70498 6.16221 5.61388 5.62009 5.2448 4.72293 3.80655 3.04771 3.00622 2.59722 1.70212 0.959303 0.4907 0.127436 0.001 0.001 0.001 0.001 0.001 0.001 0.001 0.001 0.10622 0.347838 0.540829 0.595288 
0.514274 0.514274 0.514274 0.514274 0.514274 0.514274 0.514274 0.514274 0.514274 0.514274 0.514274 0.514274 0.514274 0.514274 0.514274 0.514274 0.502055 0.481588 0.46201 0.443322 0.425523 0.408615 0.392597 0.377469 0.36323 0.349881 0.337423 0.325854 0.315175 0.305386 0.296487 0.288478 0.281359 0.275129 0.26979 0.26534 0.261781 0.259111 0.257331 0.256441 
0.970342 -5.30976 -0.2 -1.93542 -0.302892 0.652832 0.117228 -0.1 0 2.24352 -0.93254 4.75374 -1.64401 3.9224 1.96979 -1.853 -1.7267 1.4173 -1.57225 0.70732 -0.159886 0 0 0 
112.114 1000 0.0003 0.0003 0 0.88 -40 
0.24
0.651029 0.511129 0.40871 0.345877 0.880144 5.41683 5.60609 5.90392 5.57069 5.57325 6.09841 5.94039 5.73081 5.67833 5.70498 6.16221 5.61388 5.62009 5.2448 4.72293 3.80655 3.04771 3.00622 2.59722 1.70212 0.959303 0.4907 0.127436 0.001 0.001 0.001 0.001 0.001 0.001 0.001 0.001 0.10622 0.347838 0.540829 0.595288 
0.514274 0.514274 0.514274 0.514274 0.514274 0.514274 0.514274 0.514274 0.514274 0.514274 0.514274 0.514274 0.514274 0.514274 0.514274 0.514274 0.502055 0.481588 0.46201 0.443322 0.425523 0.408615 0.392597 0.377469 0.36323 0.349881 0.337423 0.325854 0.315175 0.305386 0.296487 0.288478 0.281359 0.275129 0.26979 0.26534 0.261781 0.259111 0.257331 0.256441 
0.970342 -5.30976 -0.2 -1.93542 -0.302892 0.652832 0.117228 -0.1 0 2.24352 -0.93254 4.75374 -1.64401 3.9224 1.96979 -1.853 -1.7267 1.4173 -1.57225 0.70732 -0.159886 0 0 0 
112.717 1000 0.0003 0.0003 0 0.88 -40 
0.25
0.651029 0.511129 0.40871 0.345877 0.880144 5.41683 5.60609 5.90392 5.57069 5.57325 6.09841 5.94039 5.73081 5.67833 5.70498 6.16221 5.61388 5.62009 5.2448 4.72293 3.80655 3.04771 3.00622 2.59722 1.70212 0.959303 0.4907 0.127436 0.001 0.001 0.001 0.001 0.001 0.001 0.001 0.001 0.10622 0.347838 0.540829 0.595288 
0.514274 0.514274 0.514274 0.514274 0.514274 0.514274 0.514274 0.514274 0.514274 0.514274 0.514274 0.514274 0.514274 0.514274 0.514274 0.514274 0.502055 0.481588 0.46201 0.443322 0.425523 0.408615 0.392597 0.377469 0.36323 0.349881 0.337423 0.325854 0.315175 0.305386 0.296487 0.288478 0.281359 0.275129 0.26979 0.26534 0.261781 0.259111 0.257331 0.256441 
0.970342 -5.30976 -0.2 -1.93542 -0.302892 0.652832 0.117228 -0.1 0 2.24352 -0.93254 4.75374 -1.64401 3.9224 1.96979 -1.853 -1.7267 1.4173 -1.57225 0.70732 -0.159886 0 0 0 
113.323 1000 0.0003 0.0003 0 0.88 -40 
0.26
0.651029 0.511129 0.40871 0.345877 0.880144 5.41683 5.60609 5.90392 5.57069 5.57325 6.09841 5.94039 5.73081 5.67833 5.70498 6.16221 5.61388 5.62009 5.2448 4.72293 3.80655 3.04771 3.00622 2.59722 1.70212 0.959303 0.4907 0.127436 0.001 0.001 0.001 0.001 0.001 0.001 0.001 0.001 0.10622 0.347838 0.540829 0.595288 
0.514274 0.514274 0.514274 0.514274 0.514274 0.514274 0.514274 0.514274 0.514274 0.514274 0.514274 0.514274 0.514274 0.514274 0.514274 0.514274 0.502055 0.481588 0.46201 0.443322 0.425523 0.408615 0.392597 0.377469 0.36323 0.349881 0.337423 0.325854 0.315175 0.305386 0.296487 0.288478 0.281359 0.275129 0.26979 0.26534 0.261781 0.259111 0.257331 0.256441 
0.970342 -5.30976 -0.2 -1.93542 -0.302892 0.652832 0.117228 -0.1 0 2.24352 -0.93254 4.75374 -1.64401 3.9224 1.96979 -1.853 -1.7267 1.4173 -1.57225 0.70732 -0.159886 0 0 0 
113.932 1000 0.0003 0.0003 0 0.88 -40 
0.27
0.651029 0.511129 0.40871 0.345877 0.880144 5.41683 5.60609 5.90392 5.57069 5.57325 6.09841 5.94039 5.73081 5.67833 5.70498 6.16221 5.61388 5.62009 5.2448 4.72293 3.80655 3.04771 3.00622 2.59722 1.70212 0.959303 0.4907 0.127436 0.001 0.001 0.001 0.001 0.001 0.001 0.001 0.001 0.10622 0.347838 0.540829 0.595288 
0.514274 0.514274 0.514274 0.514274 0.514274 0.514274 0.514274 0.514274 0.514274 0.514274 0.514274 0.514274 0.514274 0.514274 0.514274 0.514274 0.502055 0.481588 0.46201 0.443322 0.425523 0.408615 0.392597 0.377469 0.36323 0.349881 0.337423 0.325854 0.315175 0.305386 0.296487 0.288478 0.281359 0.275129 0.26979 0.26534 0.261781 0.259111 0.257331 0.256441 
0.970342 -5.30976 -0.2 -1.93542 -0.302892 0.652832 0.117228 -0.1 0 2.24352 -0.93254 4.75374 -1.64401 3.9224 1.96979 -1.853 -1.7267 1.4173 -1.57225 0.70732 -0.159886 0 0 0 
114.979 1000 0.0003 0.0003 0 0.88 -40 
0.28
0.651029 0.511129 0.40871 0.345877 0.880144 5.41683 5.60609 5.90392 5.57069 5.57325 6.09841 5.94039 5.73081 5.67833 5.70498 6.16221 5.61388 5.62009 5.2448 4.72293 3.80655 3.04771 3.00622 2.59722 1.70212 0.959303 0.4907 0.127436 0.001 0.001 0.001 0.001 0.001 0.001 0.001 0.001 0.10622 0.347838 0.540829 0.595288 
0.514274 0.514274 0.514274 0.514274 0.514274 0.514274 0.514274 0.514274 0.514274 0.514274 0.514274 0.514274 0.514274 0.514274 0.514274 0.514274 0.502055 0.481588 0.46201 0.443322 0.425523 0.408615 0.392597 0.377469 0.36323 0.349881 0.337423 0.325854 0.315175 0.305386 0.296487 0.288478 0.281359 0.275129 0.26979 0.26534 0.261781 0.259111 0.257331 0.256441 
0.970342 -5.30976 -0.2 -1.93542 -0.302892 0.652832 0.117228 -0.1 0 2.24352 -0.93254 4.75374 -1.64401 3.9224 1.96979 -1.853 -1.7267 1.4173 -1.57225 0.70732 -0.159886 0 0 0 
116.153 1000 0.0003 0.0003 0 0.88 -40 
0.29
0.651029 0.511129 0.40871 0.345877 0.880144 5.41683 5.60609 5.90392 5.57069 5.57325 6.09841 5.94039 5.73081 5.67833 5.70498 6.16221 5.61388 5.62009 5.2448 4.72293 3.80655 3.04771 3.00622 2.59722 1.70212 0.959303 0.4907 0.127436 0.001 0.001 0.001 0.001 0.001 0.001 0.001 0.001 0.10622 0.347838 0.540829 0.595288 
0.514274 0.514274 0.514274 0.514274 0.514274 0.514274 0.514274 0.514274 0.514274 0.514274 0.514274 0.514274 0.514274 0.514274 0.514274 0.514274 0.502055 0.481588 0.46201 0.443322 0.425523 0.408615 0.392597 0.377469 0.36323 0.349881 0.337423 0.325854 0.315175 0.305386 0.296487 0.288478 0.281359 0.275129 0.26979 0.26534 0.261781 0.259111 0.257331 0.256441 
0.970342 -5.30976 -0.2 -1.93542 -0.302892 0.652832 0.117228 -0.1 0 2.24352 -0.93254 4.75374 -1.64401 3.9224 1.96979 -1.853 -1.7267 1.4173 -1.57225 0.70732 -0.159886 0 0 0 
116.808 1000 0.0003 0.0003 0 0.88 -40 
0.3
0.651029 0.511129 0.40871 0.345877 0.880144 5.41683 5.60609 5.90392 5.57069 5.57325 6.09841 5.94039 5.73081 5.67833 5.70498 6.16221 5.61388 5.62009 5.2448 4.72293 3.80655 3.04771 3.00622 2.59722 1.70212 0.959303 0.4907 0.127436 0.001 0.001 0.001 0.001 0.001 0.001 0.001 0.001 0.10622 0.347838 0.540829 0.595288 
0.514274 0.514274 0.514274 0.514274 0.514274 0.514274 0.514274 0.514274 0.514274 0.514274 0.514274 0.514274 0.514274 0.514274 0.514274 0.514274 0.502055 0.481588 0.46201 0.443322 0.425523 0.408615 0.392597 0.377469 0.36323 0.349881 0.337423 0.325854 0.315175 0.305386 0.296487 0.288478 0.281359 0.275129 0.26979 0.26534 0.261781 0.259111 0.257331 0.256441 
0.970342 -5.30976 -0.2 -1.93542 -0.302892 0.652832 0.117228 -0.1 0 2.24352 -0.93254 4.75374 -1.64401 3.9224 1.96979 -1.853 -1.7267 1.4173 -1.57225 0.70732 -0.159886 0 0 0 
116.642 1000 0.0003 0.0003 0 0.88 -40 
0.31
0.651029 0.511129 0.40871 0.345877 0.880144 5.41683 5.60609 5.90392 5.57069 5.57325 6.09841 5.94039 5.73081 5.67833 5.70498 6.16221 5.61388 5.62009 5.2448 4.72293 3.80655 3.04771 3.00622 2.59722 1.70212 0.959303 0.4907 0.127436 0.001 0.001 0.001 0.001 0.001 0.001 0.001 0.001 0.10622 0.347838 0.540829 0.595288 
0.514274 0.514274 0.514274 0.514274 0.514274 0.514274 0.514274 0.514274 0.514274 0.514274 0.514274 0.514274 0.514274 0.514274 0.514274 0.514274 0.502055 0.481588 0.46201 0.443322 0.425523 0.408615 0.392597 0.377469 0.36323 0.349881 0.337423 0.325854 0.315175 0.305386 0.296487 0.288478 0.281359 0.275129 0.26979 0.26534 0.261781 0.259111 0.257331 0.256441 
0.970342 -5.30976 -0.2 -1.93542 -0.302892 0.652832 0.117228 -0.1 0 2.24352 -0.93254 4.75374 -1.64401 3.9224 1.96979 -1.853 -1.7267 1.4173 -1.57225 0.70732 -0.159886 0 0 0 
115.767 1000 0.0003 0.0003 0 0.88 -40 
0.32
0.651029 0.511129 0.40871 0.345877 0.880144 5.41683 5.60609 5.90392 5.57069 5.57325 6.09841 5.94039 5.73081 5.67833 5.70498 6.16221 5.61388 5.62009 5.2448 4.72293 3.80655 3.04771 3.00622 2.59722 1.70212 0.959303 0.4907 0.127436 0.001 0.001 0.001 0.001 0.001 0.001 0.001 0.001 0.10622 0.347838 0.540829 0.595288 
0.514274 0.514274 0.514274 0.514274 0.514274 0.514274 0.514274 0.514274 0.514274 0.514274 0.514274 0.514274 0.514274 0.514274 0.514274 0.514274 0.502055 0.481588 0.46201 0.443322 0.425523 0.408615 0.392597 0.377469 0.36323 0.349881 0.337423 0.325854 0.315175 0.305386 0.296487 0.288478 0.281359 0.275129 0.26979 0.26534 0.261781 0.259111 0.257331 0.256441 
0.970342 -5.30976 -0.2 -1.93542 -0.302892 0.652832 0.117228 -0.1 0 2.24352 -0.93254 4.75374 -1.64401 3.9224 1.96979 -1.853 -1.7267 1.4173 -1.57225 0.70732 -0.159886 0 0 0 
114.432 1000 0.0003 0.0003 0 0.88 -40 
0.33
0.651029 0.511129 0.40871 0.345877 0.880144 5.41683 5.60609 5.90392 5.57069 5.57325 6.09841 5.94039 5.73081 5.67833 5.70498 6.16221 5.61388 5.62009 5.2448 4.72293 3.80655 3.04771 3.00622 2.59722 1.70212 0.959303 0.4907 0.127436 0.001 0.001 0.001 0.001 0.001 0.001 0.001 0.001 0.10622 0.347838 0.540829 0.595288 
0.514274 0.514274 0.514274 0.514274 0.514274 0.514274 0.514274 0.514274 0.514274 0.514274 0.514274 0.514274 0.514274 0.514274 0.514274 0.514274 0.502055 0.481588 0.46201 0.443322 0.425523 0.408615 0.392597 0.377469 0.36323 0.349881 0.337423 0.325854 0.315175 0.305386 0.296487 0.288478 0.281359 0.275129 0.26979 0.26534 0.261781 0.259111 0.257331 0.256441 
0.970342 -5.30976 -0.2 -1.93542 -0.302892 0.652832 0.117228 -0.1 0 2.24352 -0.93254 4.75374 -1.64401 3.9224 1.96979 -1.853 -1.7267 1.4173 -1.57225 0.70732 -0.159886 0 0 0 
112.854 1000 0.0003 0.0003 0 0.88 -40 
0.34
0.651029 0.511129 0.40871 0.345877 0.880144 5.41683 5.60609 5.90392 5.57069 5.57325 6.09841 5.94039 5.73081 5.67833 5.70498 6.16221 5.61388 5.62009 5.2448 4.72293 3.80655 3.04771 3.00622 2.59722 1.70212 0.959303 0.4907 0.127436 0.001 0.001 0.001 0.001 0.001 0.001 0.001 0.001 0.10622 0.347838 0.540829 0.595288 
0.514274 0.514274 0.514274 0.514274 0.514274 0.514274 0.514274 0.514274 0.514274 0.514274 0.514274 0.514274 0.514274 0.514274 0.514274 0.514274 0.502055 0.481588 0.46201 0.443322 0.425523 0.408615 0.392597 0.377469 0.36323 0.349881 0.337423 0.325854 0.315175 0.305386 0.296487 0.288478 0.281359 0.275129 0.26979 0.26534 0.261781 0.259111 0.257331 0.256441 
0.970342 -5.30976 -0.2 -1.93542 -0.302892 0.652832 0.117228 -0.1 0 2.24352 -0.93254 4.75374 -1.64401 3.9224 1.96979 -1.853 -1.7267 1.4173 -1.57225 0.70732 -0.159886 0 0 0 
111.169 1000 0.0003 0.0003 0 0.88 -40 
0.35
0.651029 0.511129 0.40871 0.345877 0.880144 5.41683 5.60609 5.90392 5.57069 5.57325 6.09841 5.94039 5.73081 5.67833 5.70498 6.16221 5.61388 5.62009 5.2448 4.72293 3.80655 3.04771 3.00622 2.59722 1.70212 0.959303 0.4907 0.127436 0.001 0.001 0.001 0.001 0.001 0.001 0.001 0.001 0.10622 0.347838 0.540829 0.595288 
0.514274 0.514274 0.514274 0.514274 0.514274 0.514274 0.514274 0.514274 0.514274 0.514274 0.514274 0.514274 0.514274 0.514274 0.514274 0.514274 0.502055 0.481588 0.46201 0.443322 0.425523 0.408615 0.392597 0.377469 0.36323 0.349881 0.337423 0.325854 0.315175 0.305386 0.296487 0.288478 0.281359 0.275129 0.26979 0.26534 0.261781 0.259111 0.257331 0.256441 
0.970342 -5.30976 -0.2 -1.93542 -0.302892 0.652832 0.117228 -0.1 0 2.24352 -0.93254 4.75374 -1.64401 3.9224 1.96979 -1.853 -1.7267 1.4173 -1.57225 0.70732 -0.159886 0 0 0 
109.45 1000 0.0003 0.0003 0 0.88 -40 
0.36
0.651029 0.511129 0.40871 0.345877 0.880144 5.41683 5.60609 5.90392 5.57069 5.57325 6.09841 5.94039 5.73081 5.67833 5.70498 6.16221 5.61388 5.62009 5.2448 4.72293 3.80655 3.04771 3.00622 2.59722 1.70212 0.959303 0.4907 0.127436 0.001 0.001 0.001 0.001 0.001 0.001 0.001 0.001 0.10622 0.347838 0.540829 0.595288 
0.514274 0.514274 0.514274 0.514274 0.514274 0.514274 0.514274 0.514274 0.514274 0.514274 0.514274 0.514274 0.514274 0.514274 0.514274 0.514274 0.502055 0.481588 0.46201 0.443322 0.425523 0.408615 0.392597 0.377469 0.36323 0.349881 0.337423 0.325854 0.315175 0.305386 0.296487 0.288478 0.281359 0.275129 0.26979 0.26534 0.261781 0.259111 0.257331 0.256441 
0.970342 -5.30976 -0.2 -1.93542 -0.302892 0.652832 0.117228 -0.1 0 2.24352 -0.93254 4.75374 -1.64401 3.9224 1.96979 -1.853 -1.7267 1.4173 -1.57225 0.70732 -0.159886 0 0 0 
107.732 1000 0.0003 0.0003 0 0.88 -40 
0.37
0.651029 0.511129 0.40871 0.345877 0.880144 5.41683 5.60609 5.90392 5.57069 5.57325 6.09841 5.94039 5.73081 5.67833 5.70498 6.16221 5.61388 5.62009 5.2448 4.72293 3.80655 3.04771 3.00622 2.59722 1.70212 0.959303 0.4907 0.127436 0.001 0.001 0.001 0.001 0.001 0.001 0.001 0.001 0.10622 0.347838 0.540829 0.595288 
0.514274 0.514274 0.514274 0.514274 0.514274 0.514274 0.514274 0.514274 0.514274 0.514274 0.514274 0.514274 0.514274 0.514274 0.514274 0.514274 0.502055 0.481588 0.46201 0.443322 0.425523 0.408615 0.392597 0.377469 0.36323 0.349881 0.337423 0.325854 0.315175 0.305386 0.296487 0.288478 0.281359 0.275129 0.26979 0.26534 0.261781 0.259111 0.257331 0.256441 
0.970342 -5.30976 -0.2 -1.93542 -0.302892 0.652832 0.117228 -0.1 0 2.24352 -0.93254 4.75374 -1.64401 3.9224 1.96979 -1.853 -1.7267 1.4173 -1.57225 0.70732 -0.159886 0 0 0 
106.03 1000 0.0003 0.0003 0 0.88 -40 
0.38
0.651029 0.511129 0.40871 0.345877 0.880144 5.41683 5.60609 5.90392 5.57069 5.57325 6.09841 5.94039 5.73081 5.67833 5.70498 6.16221 5.61388 5.62009 5.2448 4.72293 3.80655 3.04771 3.00622 2.59722 1.70212 0.959303 0.4907 0.127436 0.001 0.001 0.001 0.001 0.001 0.001 0.001 0.001 0.10622 0.347838 0.540829 0.595288 
0.514274 0.514274 0.514274 0.514274 0.514274 0.514274 0.514274 0.514274 0.514274 0.514274 0.514274 0.514274 0.514274 0.514274 0.514274 0.514274 0.502055 0.481588 0.46201 0.443322 0.425523 0.408615 0.392597 0.377469 0.36323 0.349881 0.337423 0.325854 0.315175 0.305386 0.296487 0.288478 0.281359 0.275129 0.26979 0.26534 0.261781 0.259111 0.257331 0.256441 
0.970342 -5.30976 -0.2 -1.93542 -0.302892 0.652832 0.117228 -0.1 0 2.24352 -0.93254 4.75374 -1.64401 3.9224 1.96979 -1.853 -1.7267 1.4173 -1.57225 0.70732 -0.159886 0 0 0 
104.351 1000 0.0003 0.0003 0 0.88 -40 
0.39
0.651029 0.511129 0.40871 0.345877 0.880144 5.41683 5.60609 5.90392 5.57069 5.57325 6.09841 5.94039 5.73081 5.67833 5.70498 6.16221 5.61388 5.62009 5.2448 4.72293 3.80655 3.04771 3.00622 2.59722 1.70212 0.959303 0.4907 0.127436 0.001 0.001 0.001 0.001 0.001 0.001 0.001 0.001 0.10622 0.347838 0.540829 0.595288 
0.514274 0.514274 0.514274 0.514274 0.514274 0.514274 0.514274 0.514274 0.514274 0.514274 0.514274 0.514274 0.514274 0.514274 0.514274 0.514274 0.502055 0.481588 0.46201 0.443322 0.425523 0.408615 0.392597 0.377469 0.36323 0.349881 0.337423 0.325854 0.315175 0.305386 0.296487 0.288478 0.281359 0.275129 0.26979 0.26534 0.261781 0.259111 0.257331 0.256441 
0.970342 -5.30976 -0.2 -1.93542 -0.302892 0.652832 0.117228 -0.1 0 2.24352 -0.93254 4.75374 -1.64401 3.9224 1.96979 -1.853 -1.7267 1.4173 -1.57225 0.70732 -0.159886 0 0 0 
102.697 1000 0.0003 0.0003 0 0.88 -40 
0.4
0.651029 0.511129 0.40871 0.345877 0.880144 5.41683 5.60609 5.90392 5.57069 5.57325 6.09841 5.94039 5.73081 5.67833 5.70498 6.16221 5.61388 5.62009 5.2448 4.72293 3.80655 3.04771 3.00622 2.59722 1.70212 0.959303 0.4907 0.127436 0.001 0.001 0.001 0.001 0.001 0.001 0.001 0.001 0.10622 0.347838 0.540829 0.595288 
0.514274 0.514274 0.514274 0.514274 0.514274 0.514274 0.514274 0.514274 0.514274 0.514274 0.514274 0.514274 0.514274 0.514274 0.514274 0.514274 0.502055 0.481588 0.46201 0.443322 0.425523 0.408615 0.392597 0.377469 0.36323 0.349881 0.337423 0.325854 0.315175 0.305386 0.296487 0.288478 0.281359 0.275129 0.26979 0.26534 0.261781 0.259111 0.257331 0.256441 
0.970342 -5.30976 -0.2 -1.93542 -0.302892 0.652832 0.117228 -0.1 0 2.24352 -0.93254 4.75374 -1.64401 3.9224 1.96979 -1.853 -1.7267 1.4173 -1.57225 0.70732 -0.159886 0 0 0 
101.068 1000 0.0003 0.0003 0 0.88 -40 
0.41
0.651029 0.511129 0.40871 0.345877 0.880144 5.41683 5.60609 5.90392 5.57069 5.57325 6.09841 5.94039 5.73081 5.67833 5.70498 6.16221 5.61388 5.62009 5.2448 4.72293 3.80655 3.04771 3.00622 2.59722 1.70212 0.959303 0.4907 0.127436 0.001 0.001 0.001 0.001 0.001 0.001 0.001 0.001 0.10622 0.347838 0.540829 0.595288 
0.514274 0.514274 0.514274 0.514274 0.514274 0.514274 0.514274 0.514274 0.514274 0.514274 0.514274 0.514274 0.514274 0.514274 0.514274 0.514274 0.502055 0.481588 0.46201 0.443322 0.425523 0.408615 0.392597 0.377469 0.36323 0.349881 0.337423 0.325854 0.315175 0.305386 0.296487 0.288478 0.281359 0.275129 0.26979 0.26534 0.261781 0.259111 0.257331 0.256441 
0.970342 -5.30976 -0.2 -1.93542 -0.302892 0.652832 0.117228 -0.1 0 2.24352 -0.93254 4.75374 -1.64401 3.9224 1.96979 -1.853 -1.7267 1.4173 -1.57225 0.70732 -0.159886 0 0 0 
99.4653 1000 0.0003 0.0003 0 0.88 -40 
0.42
0.651029 0.511129 0.40871 0.345877 0.880144 5.41683 5.60609 5.90392 5.57069 5.57325 6.09841 5.94039 5.73081 5.67833 5.70498 6.16221 5.61388 5.62009 5.2448 4.72293 3.80655 3.04771 3.00622 2.59722 1.70212 0.959303 0.4907 0.127436 0.001 0.001 0.001 0.001 0.001 0.001 0.001 0.001 0.10622 0.347838 0.540829 0.595288 
0.514274 0.514274 0.514274 0.514274 0.514274 0.514274 0.514274 0.514274 0.514274 0.514274 0.514274 0.514274 0.514274 0.514274 0.514274 0.514274 0.502055 0.481588 0.46201 0.443322 0.425523 0.408615 0.392597 0.377469 0.36323 0.349881 0.337423 0.325854 0.315175 0.305386 0.296487 0.288478 0.281359 0.275129 0.26979 0.26534 0.261781 0.259111 0.257331 0.256441 
0.970342 -5.30976 -0.2 -1.93542 -0.302892 0.652832 0.117228 -0.1 0 2.24352 -0.93254 4.75374 -1.64401 3.9224 1.96979 -1.853 -1.7267 1.4173 -1.57225 0.70732 -0.159886 0 0 0 
97.8876 1000 0.0003 0.0003 0 0.88 -40 
0.43
0.651029 0.511129 0.40871 0.345877 0.880144 5.41683 5.60609 5.90392 5.57069 5.57325 6.09841 5.94039 5.73081 5.67833 5.70498 6.16221 5.61388 5.62009 5.2448 4.72293 3.80655 3.04771 3.00622 2.59722 1.70212 0.959303 0.4907 0.127436 0.001 0.001 0.001 0.001 0.001 0.001 0.001 0.001 0.10622 0.347838 0.540829 0.595288 
0.514274 0.514274 0.514274 0.514274 0.514274 0.514274 0.514274 0.514274 0.514274 0.514274 0.514274 0.514274 0.514274 0.514274 0.514274 0.514274 0.502055 0.481588 0.46201 0.443322 0.425523 0.408615 0.392597 0.377469 0.36323 0.349881 0.337423 0.325854 0.315175 0.305386 0.296487 0.288478 0.281359 0.275129 0.26979 0.26534 0.261781 0.259111 0.257331 0.256441 
0.970342 -5.30976 -0.2 -1.93542 -0.302892 0.652832 0.117228 -0.1 0 2.24352 -0.93254 4.75374 -1.64401 3.9224 1.96979 -1.853 -1.7267 1.4173 -1.57225 0.70732 -0.159886 0 0 0 
96.335 1000 0.0003 0.0003 0 0.88 -40 
0.44
0.651029 0.511129 0.40871 0.345877 0.880144 5.41683 5.60609 5.90392 5.57069 5.57325 6.09841 5.94039 5.73081 5.67833 5.70498 6.16221 5.61388 5.62009 5.2448 4.72293 3.80655 3.04771 3.00622 2.59722 1.70212 0.959303 0.4907 0.127436 0.001 0.001 0.001 0.001 0.001 0.001 0.001 0.001 0.10622 0.347838 0.540829 0.595288 
0.514274 0.514274 0.514274 0.514274 0.514274 0.514274 0.514274 0.514274 0.514274 0.514274 0.514274 0.514274 0.514274 0.514274 0.514274 0.514274 0.502055 0.481588 0.46201 0.443322 0.425523 0.408615 0.392597 0.377469 0.36323 0.349881 0.337423 0.325854 0.315175 0.305386 0.296487 0.288478 0.281359 0.275129 0.26979 0.26534 0.261781 0.259111 0.257331 0.256441 
0.970342 -5.30976 -0.2 -1.93542 -0.302892 0.652832 0.117228 -0.1 0 2.24352 -0.93254 4.75374 -1.64401 3.9224 1.96979 -1.853 -1.7267 1.4173 -1.57225 0.70732 -0.159886 0 0 0 
94.807 1000 0.0003 0.0003 0 0.88 -40 
0.45
0.651029 0.511129 0.40871 0.345877 0.880144 5.41683 5.60609 5.90392 5.57069 5.57325 6.09841 5.94039 5.73081 5.67833 5.70498 6.16221 5.61388 5.62009 5.2448 4.72293 3.80655 3.04771 3.00622 2.59722 1.70212 0.959303 0.4907 0.127436 0.001 0.001 0.001 0.001 0.001 0.001 0.001 0.001 0.10622 0.347838 0.540829 0.595288 
0.514274 0.514274 0.514274 0.514274 0.514274 0.514274 0.514274 0.514274 0.514274 0.514274 0.514274 0.514274 0.514274 0.514274 0.514274 0.514274 0.502055 0.481588 0.46201 0.443322 0.425523 0.408615 0.392597 0.377469 0.36323 0.349881 0.337423 0.325854 0.315175 0.305386 0.296487 0.288478 0.281359 0.275129 0.26979 0.26534 0.261781 0.259111 0.257331 0.256441 
0.970342 -5.30976 -0.2 -1.93542 -0.302892 0.652832 0.117228 -0.1 0 2.24352 -0.93254 4.75374 -1.64401 3.9224 1.96979 -1.853 -1.7267 1.4173 -1.57225 0.70732 -0.159886 0 0 0 
93.3032 1000 0.0003 0.0003 0 0.88 -40 
0.46
0.651029 0.511129 0.40871 0.345877 0.880144 5.41683 5.60609 5.90392 5.57069 5.57325 6.09841 5.94039 5.73081 5.67833 5.70498 6.16221 5.61388 5.62009 5.2448 4.72293 3.80655 3.04771 3.00622 2.59722 1.70212 0.959303 0.4907 0.127436 0.001 0.001 0.001 0.001 0.001 0.001 0.001 0.001 0.10622 0.347838 0.540829 0.595288 
0.514274 0.514274 0.514274 0.514274 0.514274 0.514274 0.514274 0.514274 0.514274 0.514274 0.514274 0.514274 0.514274 0.514274 0.514274 0.514274 0.502055 0.481588 0.46201 0.443322 0.425523 0.408615 0.392597 0.377469 0.36323 0.349881 0.337423 0.325854 0.315175 0.305386 0.296487 0.288478 0.281359 0.275129 0.26979 0.26534 0.261781 0.259111 0.257331 0.256441 
0.970342 -5.30976 -0.2 -1.93542 -0.302892 0.652832 0.117228 -0.1 0 2.24352 -0.93254 4.75374 -1.64401 3.9224 1.96979 -1.853 -1.7267 1.4173 -1.57225 0.70732 -0.159886 0 0 0 
91.8233 1000 0.0003 0.0003 0 0.88 -40 
0.47
0.651029 0.511129 0.40871 0.345877 0.880144 5.41683 5.60609 5.90392 5.57069 5.57325 6.09841 5.94039 5.73081 5.67833 5.70498 6.16221 5.61388 5.62009 5.2448 4.72293 3.80655 3.04771 3.00622 2.59722 1.70212 0.959303 0.4907 0.127436 0.001 0.001 0.001 0.001 0.001 0.001 0.001 0.001 0.10622 0.347838 0.540829 0.595288 
0.514274 0.514274 0.514274 0.514274 0.514274 0.514274 0.514274 0.514274 0.514274 0.514274 0.514274 0.514274 0.514274 0.514274 0.514274 0.514274 0.502055 0.481588 0.46201 0.443322 0.425523 0.408615 0.392597 0.377469 0.36323 0.349881 0.337423 0.325854 0.315175 0.305386 0.296487 0.288478 0.281359 0.275129 0.26979 0.26534 0.261781 0.259111 0.257331 0.256441 
0.970342 -5.30976 -0.2 -1.93542 -0.302892 0.652832 0.117228 -0.1 0 2.24352 -0.93254 4.75374 -1.64401 3.9224 1.96979 -1.853 -1.7267 1.4173 -1.57225 0.70732 -0.159886 0 0 0 
90.3669 1000 0.0003 0.0003 0 0.88 -40 
0.48
0.651029 0.511129 0.40871 0.345877 0.880144 5.41683 5.60609 5.90392 5.57069 5.57325 6.09841 5.94039 5.73081 5.67833 5.70498 6.16221 5.61388 5.62009 5.2448 4.72293 3.80655 3.04771 3.00622 2.59722 1.70212 0.959303 0.4907 0.127436 0.001 0.001 0.001 0.001 0.001 0.001 0.001 0.001 0.10622 0.347838 0.540829 0.595288 
0.514274 0.514274 0.514274 0.514274 0.514274 0.514274 0.514274 0.514274 0.514274 0.514274 0.514274 0.514274 0.514274 0.514274 0.514274 0.514274 0.502055 0.481588 0.46201 0.443322 0.425523 0.408615 0.392597 0.377469 0.36323 0.349881 0.337423 0.325854 0.315175 0.305386 0.296487 0.288478 0.281359 0.275129 0.26979 0.26534 0.261781 0.259111 0.257331 0.256441 
0.970342 -5.30976 -0.2 -1.93542 -0.302892 0.652832 0.117228 -0.1 0 2.24352 -0.93254 4.75374 -1.64401 3.9224 1.96979 -1.853 -1.7267 1.4173 -1.57225 0.70732 -0.159886 0 0 0 
88.9335 1000 0.0003 0.0003 0 0.88 -40 
0.49
0.651029 0.511129 0.40871 0.345877 0.880144 5.41683 5.60609 5.90392 5.57069 5.57325 6.09841 5.94039 5.73081 5.67833 5.70498 6.16221 5.61388 5.62009 5.2448 4.72293 3.80655 3.04771 3.00622 2.59722 1.70212 0.959303 0.4907 0.127436 0.001 0.001 0.001 0.001 0.001 0.001 0.001 0.001 0.10622 0.347838 0.540829 0.595288 
0.514274 0.514274 0.514274 0.514274 0.514274 0.514274 0.514274 0.514274 0.514274 0.514274 0.514274 0.514274 0.514274 0.514274 0.514274 0.514274 0.502055 0.481588 0.46201 0.443322 0.425523 0.408615 0.392597 0.377469 0.36323 0.349881 0.337423 0.325854 0.315175 0.305386 0.296487 0.288478 0.281359 0.275129 0.26979 0.26534 0.261781 0.259111 0.257331 0.256441 
0.970342 -5.30976 -0.2 -1.93542 -0.302892 0.652832 0.117228 -0.1 0 2.24352 -0.93254 4.75374 -1.64401 3.9224 1.96979 -1.853 -1.7267 1.4173 -1.57225 0.70732 -0.159886 0 0 0 
87.5229 1000 0.0003 0.0003 0 0.88 -40 
0.5
0.651029 0.511129 0.40871 0.345877 0.880144 5.41683 5.60609 5.90392 5.57069 5.57325 6.09841 5.94039 5.73081 5.67833 5.70498 6.16221 5.61388 5.62009 5.2448 4.72293 3.80655 3.04771 3.00622 2.59722 1.70212 0.959303 0.4907 0.127436 0.001 0.001 0.001 0.001 0.001 0.001 0.001 0.001 0.10622 0.347838 0.540829 0.595288 
0.514274 0.514274 0.514274 0.514274 0.514274 0.514274 0.514274 0.514274 0.514274 0.514274 0.514274 0.514274 0.514274 0.514274 0.514274 0.514274 0.502055 0.481588 0.46201 0.443322 0.425523 0.408615 0.392597 0.377469 0.36323 0.349881 0.337423 0.325854 0.315175 0.305386 0.296487 0.288478 0.281359 0.275129 0.26979 0.26534 0.261781 0.259111 0.257331 0.256441 
0.970342 -5.30976 -0.2 -1.93542 -0.302892 0.652832 0.117228 -0.1 0 2.24352 -0.93254 4.75374 -1.64401 3.9224 1.96979 -1.853 -1.7267 1.4173 -1.57225 0.70732 -0.159886 0 0 0 
86.1346 1000 0.0003 0.0003 0 0.88 -40 
0.51
0.651029 0.511129 0.40871 0.345877 0.880144 5.41683 5.60609 5.90392 5.57069 5.57325 6.09841 5.94039 5.73081 5.67833 5.70498 6.16221 5.61388 5.62009 5.2448 4.72293 3.80655 3.04771 3.00622 2.59722 1.70212 0.959303 0.4907 0.127436 0.001 0.001 0.001 0.001 0.001 0.001 0.001 0.001 0.10622 0.347838 0.540829 0.595288 
0.514274 0.514274 0.514274 0.514274 0.514274 0.514274 0.514274 0.514274 0.514274 0.514274 0.514274 0.514274 0.514274 0.514274 0.514274 0.514274 0.502055 0.481588 0.46201 0.443322 0.425523 0.408615 0.392597 0.377469 0.36323 0.349881 0.337423 0.325854 0.315175 0.305386 0.296487 0.288478 0.281359 0.275129 0.26979 0.26534 0.261781 0.259111 0.257331 0.256441 
0.970342 -5.30976 -0.2 -1.93542 -0.302892 0.652832 0.117228 -0.1 0 2.24352 -0.93254 4.75374 -1.64401 3.9224 1.96979 -1.853 -1.7267 1.4173 -1.57225 0.70732 -0.159886 0 0 0 
84.7684 1000 0.0003 0.0003 0 0.88 -40 
0.52
0.651029 0.511129 0.40871 0.345877 0.880144 5.41683 5.60609 5.90392 5.57069 5.57325 6.09841 5.94039 5.73081 5.67833 5.70498 6.16221 5.61388 5.62009 5.2448 4.72293 3.80655 3.04771 3.00622 2.59722 1.70212 0.959303 0.4907 0.127436 0.001 0.001 0.001 0.001 0.001 0.001 0.001 0.001 0.10622 0.347838 0.540829 0.595288 
0.514274 0.514274 0.514274 0.514274 0.514274 0.514274 0.514274 0.514274 0.514274 0.514274 0.514274 0.514274 0.514274 0.514274 0.514274 0.514274 0.502055 0.481588 0.46201 0.443322 0.425523 0.408615 0.392597 0.377469 0.36323 0.349881 0.337423 0.325854 0.315175 0.305386 0.296487 0.288478 0.281359 0.275129 0.26979 0.26534 0.261781 0.259111 0.257331 0.256441 
0.970342 -5.30976 -0.2 -1.93542 -0.302892 0.652832 0.117228 -0.1 0 2.24352 -0.93254 4.75374 -1.64401 3.9224 1.96979 -1.853 -1.7267 1.4173 -1.57225 0.70732 -0.159886 0 0 0 
83.4239 1000 0.0003 0.0003 0 0.88 -40 
0.53
0.651029 0.511129 0.40871 0.345877 0.880144 5.41683 5.60609 5.90392 5.57069 5.57325 6.09841 5.94039 5.73081 5.67833 5.70498 6.16221 5.61388 5.62009 5.2448 4.72293 3.80655 3.04771 3.00622 2.59722 1.70212 0.959303 0.4907 0.127436 0.001 0.001 0.001 0.001 0.001 0.001 0.001 0.001 0.10622 0.347838 0.540829 0.595288 
0.514274 0.514274 0.514274 0.514274 0.514274 0.514274 0.514274 0.514274 0.514274 0.514274 0.514274 0.514274 0.514274 0.514274 0.514274 0.514274 0.502055 0.481588 0.46201 0.443322 0.425523 0.408615 0.392597 0.377469 0.36323 0.349881 0.337423 0.325854 0.315175 0.305386 0.296487 0.288478 0.281359 0.275129 0.26979 0.26534 0.261781 0.259111 0.257331 0.256441 
0.970342 -5.30976 -0.2 -1.93542 -0.302892 0.652832 0.117228 -0.1 0 2.24352 -0.93254 4.75374 -1.64401 3.9224 1.96979 -1.853 -1.7267 1.4173 -1.57225 0.70732 -0.159886 0 0 0 
82.1007 1000 0.0003 0.0003 0 0.88 -40 
0.54
0.651029 0.511129 0.40871 0.345877 0.880144 5.41683 5.60609 5.90392 5.57069 5.57325 6.09841 5.94039 5.73081 5.67833 5.70498 6.16221 5.61388 5.62009 5.2448 4.72293 3.80655 3.04771 3.00622 2.59722 1.70212 0.959303 0.4907 0.127436 0.001 0.001 0.001 0.001 0.001 0.001 0.001 0.001 0.10622 0.347838 0.540829 0.595288 
0.514274 0.514274 0.514274 0.514274 0.514274 0.514274 0.514274 0.514274 0.514274 0.514274 0.514274 0.514274 0.514274 0.514274 0.514274 0.514274 0.502055 0.481588 0.46201 0.443322 0.425523 0.408615 0.392597 0.377469 0.36323 0.349881 0.337423 0.325854 0.315175 0.305386 0.296487 0.288478 0.281359 0.275129 0.26979 0.26534 0.261781 0.259111 0.257331 0.256441 
0.970342 -5.30976 -0.2 -1.93542 -0.302892 0.652832 0.117228 -0.1 0 2.24352 -0.93254 4.75374 -1.64401 3.9224 1.96979 -1.853 -1.7267 1.4173 -1.57225 0.70732 -0.159886 0 0 0 
80.7984 1000 0.0003 0.0003 0 0.88 -40 
0.55
0.651029 0.511129 0.40871 0.345877 0.880144 5.41683 5.60609 5.90392 5.57069 5.57325 6.09841 5.94039 5.73081 5.67833 5.70498 6.16221 5.61388 5.62009 5.2448 4.72293 3.80655 3.04771 3.00622 2.59722 1.70212 0.959303 0.4907 0.127436 0.001 0.001 0.001 0.001 0.001 0.001 0.001 0.001 0.10622 0.347838 0.540829 0.595288 
0.514274 0.514274 0.514274 0.514274 0.514274 0.514274 0.514274 0.514274 0.514274 0.514274 0.514274 0.514274 0.514274 0.514274 0.514274 0.514274 0.502055 0.481588 0.46201 0.443322 0.425523 0.408615 0.392597 0.377469 0.36323 0.349881 0.337423 0.325854 0.315175 0.305386 0.296487 0.288478 0.281359 0.275129 0.26979 0.26534 0.261781 0.259111 0.257331 0.256441 
0.970342 -5.30976 -0.2 -1.93542 -0.302892 0.652832 0.117228 -0.1 0 2.24352 -0.93254 4.75374 -1.64401 3.9224 1.96979 -1.853 -1.7267 1.4173 -1.57225 0.70732 -0.159886 0 0 0 
79.5168 1000 0.0003 0.0003 0 0.88 -40 
0.56
0.651029 0.511129 0.40871 0.345877 0.880144 5.41683 5.60609 5.90392 5.57069 5.57325 6.09841 5.94039 5.73081 5.67833 5.70498 6.16221 5.61388 5.62009 5.2448 4.72293 3.80655 3.04771 3.00622 2.59722 1.70212 0.959303 0.4907 0.127436 0.001 0.001 0.001 0.001 0.001 0.001 0.001 0.001 0.10622 0.347838 0.540829 0.595288 
0.514274 0.514274 0.514274 0.514274 0.514274 0.514274 0.514274 0.514274 0.514274 0.514274 0.514274 0.514274 0.514274 0.514274 0.514274 0.514274 0.502055 0.481588 0.46201 0.443322 0.425523 0.408615 0.392597 0.377469 0.36323 0.349881 0.337423 0.325854 0.315175 0.305386 0.296487 0.288478 0.281359 0.275129 0.26979 0.26534 0.261781 0.259111 0.257331 0.256441 
0.970342 -5.30976 -0.2 -1.93542 -0.302892 0.652832 0.117228 -0.1 0 2.24352 -0.93254 4.75374 -1.64401 3.9224 1.96979 -1.853 -1.7267 1.4173 -1.57225 0.70732 -0.159886 0 0 0 
78.2556 1000 0.0003 0.0003 0 0.88 -40 
0.57
0.651029 0.511129 0.40871 0.345877 0.880144 5.41683 5.60609 5.90392 5.57069 5.57325 6.09841 5.94039 5.73081 5.67833 5.70498 6.16221 5.61388 5.62009 5.2448 4.72293 3.80655 3.04771 3.00622 2.59722 1.70212 0.959303 0.4907 0.127436 0.001 0.001 0.001 0.001 0.001 0.001 0.001 0.001 0.10622 0.347838 0.540829 0.595288 
0.514274 0.514274 0.514274 0.514274 0.514274 0.514274 0.514274 0.514274 0.514274 0.514274 0.514274 0.514274 0.514274 0.514274 0.514274 0.514274 0.502055 0.481588 0.46201 0.443322 0.425523 0.408615 0.392597 0.377469 0.36323 0.349881 0.337423 0.325854 0.315175 0.305386 0.296487 0.288478 0.281359 0.275129 0.26979 0.26534 0.261781 0.259111 0.257331 0.256441 
0.970342 -5.30976 -0.2 -1.93542 -0.302892 0.652832 0.117228 -0.1 0 2.24352 -0.93254 4.75374 -1.64401 3.9224 1.96979 -1.853 -1.7267 1.4173 -1.57225 0.70732 -0.159886 0 0 0 
77.0143 1000 0.0003 0.0003 0 0.88 -40 
0.58
0.651029 0.511129 0.40871 0.345877 0.880144 5.41683 5.60609 5.90392 5.57069 5.57325 6.09841 5.94039 5.73081 5.67833 5.70498 6.16221 5.61388 5.62009 5.2448 4.72293 3.80655 3.04771 3.00622 2.59722 1.70212 0.959303 0.4907 0.127436 0.001 0.001 0.001 0.001 0.001 0.001 0.001 0.001 0.10622 0.347838 0.540829 0.595288 
0.514274 0.514274 0.514274 0.514274 0.514274 0.514274 0.514274 0.514274 0.514274 0.514274 0.514274 0.514274 0.514274 0.514274 0.514274 0.514274 0.502055 0.481588 0.46201 0.443322 0.425523 0.408615 0.392597 0.377469 0.36323 0.349881 0.337423 0.325854 0.315175 0.305386 0.296487 0.288478 0.281359 0.275129 0.26979 0.26534 0.261781 0.259111 0.257331 0.256441 
0.970342 -5.30976 -0.2 -1.93542 -0.302892 0.652832 0.117228 -0.1 0 2.24352 -0.93254 4.75374 -1.64401 3.9224 1.96979 -1.853 -1.7267 1.4173 -1.57225 0.70732 -0.159886 0 0 0 
75.7928 1000 0.0003 0.0003 0 0.88 -40 
0.59
0.651029 0.511129 0.40871 0.345877 0.880144 5.41683 5.60609 5.90392 5.57069 5.57325 6.09841 5.94039 5.73081 5.67833 5.70498 6.16221 5.61388 5.62009 5.2448 4.72293 3.80655 3.04771 3.00622 2.59722 1.70212 0.959303 0.4907 0.127436 0.001 0.001 0.001 0.001 0.001 0.001 0.001 0.001 0.10622 0.347838 0.540829 0.595288 
0.514274 0.514274 0.514274 0.514274 0.514274 0.514274 0.514274 0.514274 0.514274 0.514274 0.514274 0.514274 0.514274 0.514274 0.514274 0.514274 0.502055 0.481588 0.46201 0.443322 0.425523 0.408615 0.392597 0.377469 0.36323 0.349881 0.337423 0.325854 0.315175 0.305386 0.296487 0.288478 0.281359 0.275129 0.26979 0.26534 0.261781 0.259111 0.257331 0.256441 
0.970342 -5.30976 -0.2 -1.93542 -0.302892 0.652832 0.117228 -0.1 0 2.24352 -0.93254 4.75374 -1.64401 3.9224 1.96979 -1.853 -1.7267 1.4173 -1.57225 0.70732 -0.159886 0 0 0 
74.5906 899.075 0.0003 0.0003 0 0.88 -40 
0.6
0.651029 0.511129 0.40871 0.345877 0.880144 5.41683 5.60609 5.90392 5.57069 5.57325 6.09841 5.94039 5.73081 5.67833 5.70498 6.16221 5.61388 5.62009 5.2448 4.72293 3.80655 3.04771 3.00622 2.59722 1.70212 0.959303 0.4907 0.127436 0.001 0.001 0.001 0.001 0.001 0.001 0.001 0.001 0.10622 0.347838 0.540829 0.595288 
0.514274 0.514274 0.514274 0.514274 0.514274 0.514274 0.514274 0.514274 0.514274 0.514274 0.514274 0.514274 0.514274 0.514274 0.514274 0.514274 0.502055 0.481588 0.46201 0.443322 0.425523 0.408615 0.392597 0.377469 0.36323 0.349881 0.337423 0.325854 0.315175 0.305386 0.296487 0.288478 0.281359 0.275129 0.26979 0.26534 0.261781 0.259111 0.257331 0.256441 
0.970342 -5.30976 -0.2 -1.93542 -0.302892 0.652832 0.117228 -0.1 0 2.24352 -0.93254 4.75374 -1.64401 3.9224 1.96979 -1.853 -1.7267 1.4173 -1.57225 0.70732 -0.159886 0 0 0 
73.4075 508.552 0.0003 0.0003 0 0.88 -40 
0.61
0.651029 0.511129 0.40871 0.345877 0.880144 5.41683 5.60609 5.90392 5.57069 5.57325 6.09841 5.94039 5.73081 5.67833 5.70498 6.16221 5.61388 5.62009 5.2448 4.72293 3.80655 3.04771 3.00622 2.59722 1.70212 0.959303 0.4907 0.127436 0.001 0.001 0.001 0.001 0.001 0.001 0.001 0.001 0.10622 0.347838 0.540829 0.595288 
0.514274 0.514274 0.514274 0.514274 0.514274 0.514274 0.514274 0.514274 0.514274 0.514274 0.514274 0.514274 0.514274 0.514274 0.514274 0.514274 0.502055 0.481588 0.46201 0.443322 0.425523 0.408615 0.392597 0.377469 0.36323 0.349881 0.337423 0.325854 0.315175 0.305386 0.296487 0.288478 0.281359 0.275129 0.26979 0.26534 0.261781 0.259111 0.257331 0.256441 
0.970342 -5.30976 -0.2 -1.93542 -0.302892 0.652832 0.117228 -0.1 0 2.24352 -0.93254 4.75374 -1.64401 3.9224 1.96979 -1.853 -1.7267 1.4173 -1.57225 0.70732 -0.159886 0 0 0 
72.2431 203.29 0.0003 0.0003 0 0.88 -40 
0.62
0.651029 0.511129 0.40871 0.345877 0.880144 5.41683 5.60609 5.90392 5.57069 5.57325 6.09841 5.94039 5.73081 5.67833 5.70498 6.16221 5.61388 5.62009 5.2448 4.72293 3.80655 3.04771 3.00622 2.59722 1.70212 0.959303 0.4907 0.127436 0.001 0.001 0.001 0.001 0.001 0.001 0.001 0.001 0.10622 0.347838 0.540829 0.595288 
0.514274 0.514274 0.514274 0.514274 0.514274 0.514274 0.514274 0.514274 0.514274 0.514274 0.514274 0.514274 0.514274 0.514274 0.514274 0.514274 0.502055 0.481588 0.46201 0.443322 0.425523 0.408615 0.392597 0.377469 0.36323 0.349881 0.337423 0.325854 0.315175 0.305386 0.296487 0.288478 0.281359 0.275129 0.26979 0.26534 0.261781 0.259111 0.257331 0.256441 
0.970342 -5.30976 -0.2 -1.93542 -0.302892 0.652832 0.117228 -0.1 0 2.24352 -0.93254 4.75374 -1.64401 3.9224 1.96979 -1.853 -1.7267 1.4173 -1.57225 0.70732 -0.159886 0 0 0 
71.0972 65.0706 0.0003 0.0003 0 0.88 -40 
0.63
0.651029 0.511129 0.40871 0.345877 0.880144 5.41683 5.60609 5.90392 5.57069 5.57325 6.09841 5.94039 5.73081 5.67833 5.70498 6.16221 5.61388 5.62009 5.2448 4.72293 3.80655 3.04771 3.00622 2.59722 1.70212 0.959303 0.4907 0.127436 0.001 0.001 0.001 0.001 0.001 0.001 0.001 0.001 0.10622 0.347838 0.540829 0.595288 
0.514274 0.514274 0.514274 0.514274 0.514274 0.514274 0.514274 0.514274 0.514274 0.514274 0.514274 0.514274 0.514274 0.514274 0.514274 0.514274 0.502055 0.481588 0.46201 0.443322 0.425523 0.408615 0.392597 0.377469 0.36323 0.349881 0.337423 0.325854 0.315175 0.305386 0.296487 0.288478 0.281359 0.275129 0.26979 0.26534 0.261781 0.259111 0.257331 0.256441 
0.970342 -5.30976 -0.2 -1.93542 -0.302892 0.652832 0.117228 -0.1 0 2.24352 -0.93254 4.75374 -1.64401 3.9224 1.96979 -1.853 -1.7267 1.4173 -1.57225 0.70732 -0.159886 0 0 0 
69.9695 17.9411 0.0003 0.0003 0 0.88 -40 
0.64
0.651029 0.511129 0.40871 0.345877 0.880144 5.41683 5.60609 5.90392 5.57069 5.57325 6.09841 5.94039 5.73081 5.67833 5.70498 6.16221 5.61388 5.62009 5.2448 4.72293 3.80655 3.04771 3.00622 2.59722 1.70212 0.959303 0.4907 0.127436 0.001 0.001 0.001 0.001 0.001 0.001 0.001 0.001 0.10622 0.347838 0.540829 0.595288 
0.514274 0.514274 0.514274 0.514274 0.514274 0.514274 0.514274 0.514274 0.514274 0.514274 0.514274 0.514274 0.514274 0.514274 0.514274 0.514274 0.502055 0.481588 0.46201 0.443322 0.425523 0.408615 0.392597 0.377469 0.36323 0.349881 0.337423 0.325854 0.315175 0.305386 0.296487 0.288478 0.281359 0.275129 0.26979 0.26534 0.261781 0.259111 0.257331 0.256441 
0.970342 -5.30976 -0.2 -1.93542 -0.302892 0.652832 0.117228 -0.1 0 2.24352 -0.93254 4.75374 -1.64401 3.9224 1.96979 -1.853 -1.7267 1.4173 -1.57225 0.70732 -0.159886 0 0 0 
68.8597 4.44907 0.0003 0.0003 0 0.88 -40 
0.65
0.651029 0.511129 0.40871 0.345877 0.880144 5.41683 5.60609 5.90392 5.57069 5.57325 6.09841 5.94039 5.73081 5.67833 5.70498 6.16221 5.61388 5.62009 5.2448 4.72293 3.80655 3.04771 3.00622 2.59722 1.70212 0.959303 0.4907 0.127436 0.001 0.001 0.001 0.001 0.001 0.001 0.001 0.001 0.10622 0.347838 0.540829 0.595288 
0.514274 0.514274 0.514274 0.514274 0.514274 0.514274 0.514274 0.514274 0.514274 0.514274 0.514274 0.514274 0.514274 0.514274 0.514274 0.514274 0.502055 0.481588 0.46201 0.443322 0.425523 0.408615 0.392597 0.377469 0.36323 0.349881 0.337423 0.325854 0.315175 0.305386 0.296487 0.288478 0.281359 0.275129 0.26979 0.26534 0.261781 0.259111 0.257331 0.256441 
0.970342 -5.30976 -0.2 -1.93542 -0.302892 0.652832 0.117228 -0.1 0 2.24352 -0.93254 4.75374 -1.64401 3.9224 1.96979 -1.853 -1.7267 1.4173 -1.57225 0.70732 -0.159886 0 0 0 
67.7675 1.0196 0.0003 0.0003 0 0.88 -40 
0.66
0.651029 0.511129 0.40871 0.345877 0.880144 5.41683 5.60609 5.90392 5.57069 5.57325 6.09841 5.94039 5.73081 5.67833 5.70498 6.16221 5.61388 5.62009 5.2448 4.72293 3.80655 3.04771 3.00622 2.59722 1.70212 0.959303 0.4907 0.127436 0.001 0.001 0.001 0.001 0.001 0.001 0.001 0.001 0.10622 0.347838 0.540829 0.595288 
0.514274 0.514274 0.514274 0.514274 0.514274 0.514274 0.514274 0.514274 0.514274 0.514274 0.514274 0.514274 0.514274 0.514274 0.514274 0.514274 0.502055 0.481588 0.46201 0.443322 0.425523 0.408615 0.392597 0.377469 0.36323 0.349881 0.337423 0.325854 0.315175 0.305386 0.296487 0.288478 0.281359 0.275129 0.26979 0.26534 0.261781 0.259111 0.257331 0.256441 
0.970342 -5.30976 -0.2 -1.93542 -0.302892 0.652832 0.117228 -0.1 0 2.24352 -0.93254 4.75374 -1.64401 3.9224 1.96979 -1.853 -1.7267 1.4173 -1.57225 0.70732 -0.159886 0 0 0 
66.6926 0.219867 0.0003 0.0003 0 0.88 -40 
0.67
0.651029 0.511129 0.40871 0.345877 0.880144 5.41683 5.60609 5.90392 5.57069 5.57325 6.09841 5.94039 5.73081 5.67833 5.70498 6.16221 5.61388 5.62009 5.2448 4.72293 3.80655 3.04771 3.00622 2.59722 1.70212 0.959303 0.4907 0.127436 0.001 0.001 0.001 0.001 0.001 0.001 0.001 0.001 0.10622 0.347838 0.540829 0.595288 
0.514274 0.514274 0.514274 0.514274 0.514274 0.514274 0.514274 0.514274 0.514274 0.514274 0.514274 0.514274 0.514274 0.514274 0.514274 0.514274 0.502055 0.481588 0.46201 0.443322 0.425523 0.408615 0.392597 0.377469 0.36323 0.349881 0.337423 0.325854 0.315175 0.305386 0.296487 0.288478 0.281359 0.275129 0.26979 0.26534 0.261781 0.259111 0.257331 0.256441 
0.970342 -5.30976 -0.2 -1.93542 -0.302892 0.652832 0.117228 -0.1 0 2.24352 -0.93254 4.75374 -1.64401 3.9224 1.96979 -1.853 -1.7267 1.4173 -1.57225 0.70732 -0.159886 0 0 0 
65.6348 0.0451746 0.0003 0.0003 0 0.88 -40 
0.68
0.651029 0.511129 0.40871 0.345877 0.880144 5.41683 5.60609 5.90392 5.57069 5.57325 6.09841 5.94039 5.73081 5.67833 5.70498 6.16221 5.61388 5.62009 5.2448 4.72293 3.80655 3.04771 3.00622 2.59722 1.70212 0.959303 0.4907 0.127436 0.001 0.001 0.001 0.001 0.001 0.001 0.001 0.001 0.10622 0.347838 0.540829 0.595288 
0.514274 0.514274 0.514274 0.514274 0.514274 0.514274 0.514274 0.514274 0.514274 0.514274 0.514274 0.514274 0.514274 0.514274 0.514274 0.514274 0.502055 0.481588 0.46201 0.443322 0.425523 0.408615 0.392597 0.377469 0.36323 0.349881 0.337423 0.325854 0.315175 0.305386 0.296487 0.288478 0.281359 0.275129 0.26979 0.26534 0.261781 0.259111 0.257331 0.256441 
0.970342 -5.30976 -0.2 -1.93542 -0.302892 0.652832 0.117228 -0.1 0 2.24352 -0.93254 4.75374 -1.64401 3.9224 1.96979 -1.853 -1.7267 1.4173 -1.57225 0.70732 -0.159886 0 0 0 
64.5937 0.00892405 0.0003 0.0003 0 0.88 -40 
