#comment
In the #data section of this text file, there is one chunck of feedback data every 10 ms.
Each chunck contains an area function represented by 40 tube sections.Each chunck containes the following lines:

Time from the beginning of the utterance in seconds
area0 area1 area2 area3 ... (Areas of the tube sections in cm^2 from glottis to mouth)
length0 length1 length2 length3 ... (Lengths of the tube sections in cm from glottis to mouth)
vocal_tract_param_0 vocal_tract_param_1 ...
glottis_param_0 glottis_param_1 ...

#data
0
0.660873 0.53152 0.428472 0.341084 0.336557 3.02379 5.39681 4.57841 3.96618 3.96313 4.44339 4.47815 4.65304 5.14239 5.85433 6.72753 6.10313 6.03203 5.85753 6.39939 5.62311 5.39612 5.43561 5.98916 6.8569 7.14569 7.02902 6.40957 5.50442 4.51867 3.63575 2.99 2.43676 1.48317 0.739611 0.708966 0.807224 0.820495 0.815281 0.669102 
0.470234 0.470234 0.470234 0.470234 0.470234 0.470234 0.470234 0.470234 0.470234 0.470234 0.470234 0.470234 0.470234 0.470234 0.470234 0.470234 0.479858 0.460296 0.441583 0.423721 0.40671 0.390549 0.375239 0.36078 0.347171 0.334412 0.322505 0.311447 0.301241 0.291884 0.283379 0.275724 0.268919 0.262965 0.257862 0.253609 0.250207 0.247655 0.245954 0.245103 
0.673581 -4.74762 -0.2 -4.64818 -0.0165391 0.248645 0.684493 -0.1 0 0.463051 -1.66531 4.656 -0.814325 2.68452 -1.11431 -1.853 -1.7267 -2.6035 -2.29179 0.436808 0.512612 0 0 0 
103.826 0 0.0003 0.0003 0 0.88 -40 
0.01
0.660873 0.53152 0.428472 0.341084 0.336557 3.02379 5.39681 4.57841 3.96618 3.96313 4.44339 4.47815 4.65304 5.14239 5.85433 6.72753 6.10313 6.03203 5.85753 6.39939 5.62311 5.39612 5.43561 5.98916 6.8569 7.14569 7.02902 6.40957 5.50442 4.51867 3.63575 2.99 2.43676 1.48317 0.739611 0.708966 0.807224 0.820495 0.815281 0.669102 
0.470234 0.470234 0.470234 0.470234 0.470234 0.470234 0.470234 0.470234 0.470234 0.470234 0.470234 0.470234 0.470234 0.470234 0.470234 0.470234 0.479858 0.460296 0.441583 0.423721 0.40671 0.390549 0.375239 0.36078 0.347171 0.334412 0.322505 0.311447 0.301241 0.291884 0.283379 0.275724 0.268919 0.262965 0.257862 0.253609 0.250207 0.247655 0.245954 0.245103 
0.673581 -4.74762 -0.2 -4.64818 -0.0165391 0.248645 0.684493 -0.1 0 0.463051 -1.66531 4.656 -0.814325 2.68452 -1.11431 -1.853 -1.7267 -2.6035 -2.29179 0.436808 0.512612 0 0 0 
103.826 0 0.0003 0.0003 0 0.88 -40 
0.02
0.660873 0.53152 0.428472 0.341084 0.336557 3.02379 5.39681 4.57841 3.96618 3.96313 4.44339 4.47815 4.65304 5.14239 5.85433 6.72753 6.10313 6.03203 5.85753 6.39939 5.62311 5.39612 5.43561 5.98916 6.8569 7.14569 7.02902 6.40957 5.50442 4.51867 3.63575 2.99 2.43676 1.48317 0.739611 0.708966 0.807224 0.820495 0.815281 0.669102 
0.470234 0.470234 0.470234 0.470234 0.470234 0.470234 0.470234 0.470234 0.470234 0.470234 0.470234 0.470234 0.470234 0.470234 0.470234 0.470234 0.479858 0.460296 0.441583 0.423721 0.40671 0.390549 0.375239 0.36078 0.347171 0.334412 0.322505 0.311447 0.301241 0.291884 0.283379 0.275724 0.268919 0.262965 0.257862 0.253609 0.250207 0.247655 0.245954 0.245103 
0.673581 -4.74762 -0.2 -4.64818 -0.0165391 0.248645 0.684493 -0.1 0 0.463051 -1.66531 4.656 -0.814325 2.68452 -1.11431 -1.853 -1.7267 -2.6035 -2.29179 0.436808 0.512612 0 0 0 
103.826 0 0.0003 0.0003 0 0.88 -40 
0.03
0.660873 0.53152 0.428472 0.341084 0.336557 3.02379 5.39681 4.57841 3.96618 3.96313 4.44339 4.47815 4.65304 5.14239 5.85433 6.72753 6.10313 6.03203 5.85753 6.39939 5.62311 5.39612 5.43561 5.98916 6.8569 7.14569 7.02902 6.40957 5.50442 4.51867 3.63575 2.99 2.43676 1.48317 0.739611 0.708966 0.807224 0.820495 0.815281 0.669102 
0.470234 0.470234 0.470234 0.470234 0.470234 0.470234 0.470234 0.470234 0.470234 0.470234 0.470234 0.470234 0.470234 0.470234 0.470234 0.470234 0.479858 0.460296 0.441583 0.423721 0.40671 0.390549 0.375239 0.36078 0.347171 0.334412 0.322505 0.311447 0.301241 0.291884 0.283379 0.275724 0.268919 0.262965 0.257862 0.253609 0.250207 0.247655 0.245954 0.245103 
0.673581 -4.74762 -0.2 -4.64818 -0.0165391 0.248645 0.684493 -0.1 0 0.463051 -1.66531 4.656 -0.814325 2.68452 -1.11431 -1.853 -1.7267 -2.6035 -2.29179 0.436808 0.512612 0 0 0 
103.826 0 0.0003 0.0003 0 0.88 -40 
0.04
0.660873 0.53152 0.428472 0.341084 0.336557 3.02379 5.39681 4.57841 3.96618 3.96313 4.44339 4.47815 4.65304 5.14239 5.85433 6.72753 6.10313 6.03203 5.85753 6.39939 5.62311 5.39612 5.43561 5.98916 6.8569 7.14569 7.02902 6.40957 5.50442 4.51867 3.63575 2.99 2.43676 1.48317 0.739611 0.708966 0.807224 0.820495 0.815281 0.669102 
0.470234 0.470234 0.470234 0.470234 0.470234 0.470234 0.470234 0.470234 0.470234 0.470234 0.470234 0.470234 0.470234 0.470234 0.470234 0.470234 0.479858 0.460296 0.441583 0.423721 0.40671 0.390549 0.375239 0.36078 0.347171 0.334412 0.322505 0.311447 0.301241 0.291884 0.283379 0.275724 0.268919 0.262965 0.257862 0.253609 0.250207 0.247655 0.245954 0.245103 
0.673581 -4.74762 -0.2 -4.64818 -0.0165391 0.248645 0.684493 -0.1 0 0.463051 -1.66531 4.656 -0.814325 2.68452 -1.11431 -1.853 -1.7267 -2.6035 -2.29179 0.436808 0.512612 0 0 0 
103.826 0 0.0003 0.0003 0 0.88 -40 
0.05
0.660873 0.53152 0.428472 0.341084 0.336557 3.02379 5.39681 4.57841 3.96618 3.96313 4.44339 4.47815 4.65304 5.14239 5.85433 6.72753 6.10313 6.03203 5.85753 6.39939 5.62311 5.39612 5.43561 5.98916 6.8569 7.14569 7.02902 6.40957 5.50442 4.51867 3.63575 2.99 2.43676 1.48317 0.739611 0.708966 0.807224 0.820495 0.815281 0.669102 
0.470234 0.470234 0.470234 0.470234 0.470234 0.470234 0.470234 0.470234 0.470234 0.470234 0.470234 0.470234 0.470234 0.470234 0.470234 0.470234 0.479858 0.460296 0.441583 0.423721 0.40671 0.390549 0.375239 0.36078 0.347171 0.334412 0.322505 0.311447 0.301241 0.291884 0.283379 0.275724 0.268919 0.262965 0.257862 0.253609 0.250207 0.247655 0.245954 0.245103 
0.673581 -4.74762 -0.2 -4.64818 -0.0165391 0.248645 0.684493 -0.1 0 0.463051 -1.66531 4.656 -0.814325 2.68452 -1.11431 -1.853 -1.7267 -2.6035 -2.29179 0.436808 0.512612 0 0 0 
103.826 0 0.0003 0.0003 0 0.88 -40 
0.06
0.660873 0.53152 0.428472 0.341084 0.336557 3.02379 5.39681 4.57841 3.96618 3.96313 4.44339 4.47815 4.65304 5.14239 5.85433 6.72753 6.10313 6.03203 5.85753 6.39939 5.62311 5.39612 5.43561 5.98916 6.8569 7.14569 7.02902 6.40957 5.50442 4.51867 3.63575 2.99 2.43676 1.48317 0.739611 0.708966 0.807224 0.820495 0.815281 0.669102 
0.470234 0.470234 0.470234 0.470234 0.470234 0.470234 0.470234 0.470234 0.470234 0.470234 0.470234 0.470234 0.470234 0.470234 0.470234 0.470234 0.479858 0.460296 0.441583 0.423721 0.40671 0.390549 0.375239 0.36078 0.347171 0.334412 0.322505 0.311447 0.301241 0.291884 0.283379 0.275724 0.268919 0.262965 0.257862 0.253609 0.250207 0.247655 0.245954 0.245103 
0.673581 -4.74762 -0.2 -4.64818 -0.0165391 0.248645 0.684493 -0.1 0 0.463051 -1.66531 4.656 -0.814325 2.68452 -1.11431 -1.853 -1.7267 -2.6035 -2.29179 0.436808 0.512612 0 0 0 
103.826 0 0.0003 0.0003 0 0.88 -40 
0.07
0.660873 0.53152 0.428472 0.341084 0.336557 3.02379 5.39681 4.57841 3.96618 3.96313 4.44339 4.47815 4.65304 5.14239 5.85433 6.72753 6.10313 6.03203 5.85753 6.39939 5.62311 5.39612 5.43561 5.98916 6.8569 7.14569 7.02902 6.40957 5.50442 4.51867 3.63575 2.99 2.43676 1.48317 0.739611 0.708966 0.807224 0.820495 0.815281 0.669102 
0.470234 0.470234 0.470234 0.470234 0.470234 0.470234 0.470234 0.470234 0.470234 0.470234 0.470234 0.470234 0.470234 0.470234 0.470234 0.470234 0.479858 0.460296 0.441583 0.423721 0.40671 0.390549 0.375239 0.36078 0.347171 0.334412 0.322505 0.311447 0.301241 0.291884 0.283379 0.275724 0.268919 0.262965 0.257862 0.253609 0.250207 0.247655 0.245954 0.245103 
0.673581 -4.74762 -0.2 -4.64818 -0.0165391 0.248645 0.684493 -0.1 0 0.463051 -1.66531 4.656 -0.814325 2.68452 -1.11431 -1.853 -1.7267 -2.6035 -2.29179 0.436808 0.512612 0 0 0 
103.826 286.567 0.0003 0.0003 0 0.88 -40 
0.08
0.660873 0.53152 0.428472 0.341084 0.336557 3.02379 5.39681 4.57841 3.96618 3.96313 4.44339 4.47815 4.65304 5.14239 5.85433 6.72753 6.10313 6.03203 5.85753 6.39939 5.62311 5.39612 5.43561 5.98916 6.8569 7.14569 7.02902 6.40957 5.50442 4.51867 3.63575 2.99 2.43676 1.48317 0.739611 0.708966 0.807224 0.820495 0.815281 0.669102 
0.470234 0.470234 0.470234 0.470234 0.470234 0.470234 0.470234 0.470234 0.470234 0.470234 0.470234 0.470234 0.470234 0.470234 0.470234 0.470234 0.479858 0.460296 0.441583 0.423721 0.40671 0.390549 0.375239 0.36078 0.347171 0.334412 0.322505 0.311447 0.301241 0.291884 0.283379 0.275724 0.268919 0.262965 0.257862 0.253609 0.250207 0.247655 0.245954 0.245103 
0.673581 -4.74762 -0.2 -4.64818 -0.0165391 0.248645 0.684493 -0.1 0 0.463051 -1.66531 4.656 -0.814325 2.68452 -1.11431 -1.853 -1.7267 -2.6035 -2.29179 0.436808 0.512612 0 0 0 
103.826 667.315 0.0003 0.0003 0 0.88 -40 
0.09
0.660873 0.53152 0.428472 0.341084 0.336557 3.02379 5.39681 4.57841 3.96618 3.96313 4.44339 4.47815 4.65304 5.14239 5.85433 6.72753 6.10313 6.03203 5.85753 6.39939 5.62311 5.39612 5.43561 5.98916 6.8569 7.14569 7.02902 6.40957 5.50442 4.51867 3.63575 2.99 2.43676 1.48317 0.739611 0.708966 0.807224 0.820495 0.815281 0.669102 
0.470234 0.470234 0.470234 0.470234 0.470234 0.470234 0.470234 0.470234 0.470234 0.470234 0.470234 0.470234 0.470234 0.470234 0.470234 0.470234 0.479858 0.460296 0.441583 0.423721 0.40671 0.390549 0.375239 0.36078 0.347171 0.334412 0.322505 0.311447 0.301241 0.291884 0.283379 0.275724 0.268919 0.262965 0.257862 0.253609 0.250207 0.247655 0.245954 0.245103 
0.673581 -4.74762 -0.2 -4.64818 -0.0165391 0.248645 0.684493 -0.1 0 0.463051 -1.66531 4.656 -0.814325 2.68452 -1.11431 -1.853 -1.7267 -2.6035 -2.29179 0.436808 0.512612 0 0 0 
103.909 882.394 0.0003 0.0003 0 0.88 -40 
0.1
0.660873 0.53152 0.428472 0.341084 0.336557 3.02379 5.39681 4.57841 3.96618 3.96313 4.44339 4.47815 4.65304 5.14239 5.85433 6.72753 6.10313 6.03203 5.85753 6.39939 5.62311 5.39612 5.43561 5.98916 6.8569 7.14569 7.02902 6.40957 5.50442 4.51867 3.63575 2.99 2.43676 1.48317 0.739611 0.708966 0.807224 0.820495 0.815281 0.669102 
0.470234 0.470234 0.470234 0.470234 0.470234 0.470234 0.470234 0.470234 0.470234 0.470234 0.470234 0.470234 0.470234 0.470234 0.470234 0.470234 0.479858 0.460296 0.441583 0.423721 0.40671 0.390549 0.375239 0.36078 0.347171 0.334412 0.322505 0.311447 0.301241 0.291884 0.283379 0.275724 0.268919 0.262965 0.257862 0.253609 0.250207 0.247655 0.245954 0.245103 
0.673581 -4.74762 -0.2 -4.64818 -0.0165391 0.248645 0.684493 -0.1 0 0.463051 -1.66531 4.656 -0.814325 2.68452 -1.11431 -1.853 -1.7267 -2.6035 -2.29179 0.436808 0.512612 0 0 0 
104.207 965.3 0.0003 0.0003 0 0.88 -40 
0.11
0.660873 0.53152 0.428472 0.341084 0.336557 3.02379 5.39681 4.57841 3.96618 3.96313 4.44339 4.47815 4.65304 5.14239 5.85433 6.72753 6.10313 6.03203 5.85753 6.39939 5.62311 5.39612 5.43561 5.98916 6.8569 7.14569 7.02902 6.40957 5.50442 4.51867 3.63575 2.99 2.43676 1.48317 0.739611 0.708966 0.807224 0.820495 0.815281 0.669102 
0.470234 0.470234 0.470234 0.470234 0.470234 0.470234 0.470234 0.470234 0.470234 0.470234 0.470234 0.470234 0.470234 0.470234 0.470234 0.470234 0.479858 0.460296 0.441583 0.423721 0.40671 0.390549 0.375239 0.36078 0.347171 0.334412 0.322505 0.311447 0.301241 0.291884 0.283379 0.275724 0.268919 0.262965 0.257862 0.253609 0.250207 0.247655 0.245954 0.245103 
0.673581 -4.74762 -0.2 -4.64818 -0.0165391 0.248645 0.684493 -0.1 0 0.463051 -1.66531 4.656 -0.814325 2.68452 -1.11431 -1.853 -1.7267 -2.6035 -2.29179 0.436808 0.512612 0 0 0 
104.713 990.964 0.0003 0.0003 0 0.88 -40 
0.12
0.660873 0.53152 0.428472 0.341084 0.336557 3.02379 5.39681 4.57841 3.96618 3.96313 4.44339 4.47815 4.65304 5.14239 5.85433 6.72753 6.10313 6.03203 5.85753 6.39939 5.62311 5.39612 5.43561 5.98916 6.8569 7.14569 7.02902 6.40957 5.50442 4.51867 3.63575 2.99 2.43676 1.48317 0.739611 0.708966 0.807224 0.820495 0.815281 0.669102 
0.470234 0.470234 0.470234 0.470234 0.470234 0.470234 0.470234 0.470234 0.470234 0.470234 0.470234 0.470234 0.470234 0.470234 0.470234 0.470234 0.479858 0.460296 0.441583 0.423721 0.40671 0.390549 0.375239 0.36078 0.347171 0.334412 0.322505 0.311447 0.301241 0.291884 0.283379 0.275724 0.268919 0.262965 0.257862 0.253609 0.250207 0.247655 0.245954 0.245103 
0.673581 -4.74762 -0.2 -4.64818 -0.0165391 0.248645 0.684493 -0.1 0 0.463051 -1.66531 4.656 -0.814325 2.68452 -1.11431 -1.853 -1.7267 -2.6035 -2.29179 0.436808 0.512612 0 0 0 
105.339 997.852 0.0003 0.0003 0 0.88 -40 
0.13
0.660873 0.53152 0.428472 0.341084 0.336557 3.02379 5.39681 4.57841 3.96618 3.96313 4.44339 4.47815 4.65304 5.14239 5.85433 6.72753 6.10313 6.03203 5.85753 6.39939 5.62311 5.39612 5.43561 5.98916 6.8569 7.14569 7.02902 6.40957 5.50442 4.51867 3.63575 2.99 2.43676 1.48317 0.739611 0.708966 0.807224 0.820495 0.815281 0.669102 
0.470234 0.470234 0.470234 0.470234 0.470234 0.470234 0.470234 0.470234 0.470234 0.470234 0.470234 0.470234 0.470234 0.470234 0.470234 0.470234 0.479858 0.460296 0.441583 0.423721 0.40671 0.390549 0.375239 0.36078 0.347171 0.334412 0.322505 0.311447 0.301241 0.291884 0.283379 0.275724 0.268919 0.262965 0.257862 0.253609 0.250207 0.247655 0.245954 0.245103 
0.673581 -4.74762 -0.2 -4.64818 -0.0165391 0.248645 0.684493 -0.1 0 0.463051 -1.66531 4.656 -0.814325 2.68452 -1.11431 -1.853 -1.7267 -2.6035 -2.29179 0.436808 0.512612 0 0 0 
106.004 999.523 0.0003 0.0003 0 0.88 -40 
0.14
0.660873 0.53152 0.428472 0.341084 0.336557 3.02379 5.39681 4.57841 3.96618 3.96313 4.44339 4.47815 4.65304 5.14239 5.85433 6.72753 6.10313 6.03203 5.85753 6.39939 5.62311 5.39612 5.43561 5.98916 6.8569 7.14569 7.02902 6.40957 5.50442 4.51867 3.63575 2.99 2.43676 1.48317 0.739611 0.708966 0.807224 0.820495 0.815281 0.669102 
0.470234 0.470234 0.470234 0.470234 0.470234 0.470234 0.470234 0.470234 0.470234 0.470234 0.470234 0.470234 0.470234 0.470234 0.470234 0.470234 0.479858 0.460296 0.441583 0.423721 0.40671 0.390549 0.375239 0.36078 0.347171 0.334412 0.322505 0.311447 0.301241 0.291884 0.283379 0.275724 0.268919 0.262965 0.257862 0.253609 0.250207 0.247655 0.245954 0.245103 
0.673581 -4.74762 -0.2 -4.64818 -0.0165391 0.248645 0.684493 -0.1 0 0.463051 -1.66531 4.656 -0.814325 2.68452 -1.11431 -1.853 -1.7267 -2.6035 -2.29179 0.436808 0.512612 0 0 0 
106.665 999.9 0.0003 0.0003 0 0.88 -40 
0.15
0.660873 0.53152 0.428472 0.341084 0.336557 3.02379 5.39681 4.57841 3.96618 3.96313 4.44339 4.47815 4.65304 5.14239 5.85433 6.72753 6.10313 6.03203 5.85753 6.39939 5.62311 5.39612 5.43561 5.98916 6.8569 7.14569 7.02902 6.40957 5.50442 4.51867 3.63575 2.99 2.43676 1.48317 0.739611 0.708966 0.807224 0.820495 0.815281 0.669102 
0.470234 0.470234 0.470234 0.470234 0.470234 0.470234 0.470234 0.470234 0.470234 0.470234 0.470234 0.470234 0.470234 0.470234 0.470234 0.470234 0.479858 0.460296 0.441583 0.423721 0.40671 0.390549 0.375239 0.36078 0.347171 0.334412 0.322505 0.311447 0.301241 0.291884 0.283379 0.275724 0.268919 0.262965 0.257862 0.253609 0.250207 0.247655 0.245954 0.245103 
0.673581 -4.74762 -0.2 -4.64818 -0.0165391 0.248645 0.684493 -0.1 0 0.463051 -1.66531 4.656 -0.814325 2.68452 -1.11431 -1.853 -1.7267 -2.6035 -2.29179 0.436808 0.512612 0 0 0 
107.306 999.98 0.0003 0.0003 0 0.88 -40 
0.16
0.660873 0.53152 0.428472 0.341084 0.336557 3.02379 5.39681 4.57841 3.96618 3.96313 4.44339 4.47815 4.65304 5.14239 5.85433 6.72753 6.10313 6.03203 5.85753 6.39939 5.62311 5.39612 5.43561 5.98916 6.8569 7.14569 7.02902 6.40957 5.50442 4.51867 3.63575 2.99 2.43676 1.48317 0.739611 0.708966 0.807224 0.820495 0.815281 0.669102 
0.470234 0.470234 0.470234 0.470234 0.470234 0.470234 0.470234 0.470234 0.470234 0.470234 0.470234 0.470234 0.470234 0.470234 0.470234 0.470234 0.479858 0.460296 0.441583 0.423721 0.40671 0.390549 0.375239 0.36078 0.347171 0.334412 0.322505 0.311447 0.301241 0.291884 0.283379 0.275724 0.268919 0.262965 0.257862 0.253609 0.250207 0.247655 0.245954 0.245103 
0.673581 -4.74762 -0.2 -4.64818 -0.0165391 0.248645 0.684493 -0.1 0 0.463051 -1.66531 4.656 -0.814325 2.68452 -1.11431 -1.853 -1.7267 -2.6035 -2.29179 0.436808 0.512612 0 0 0 
107.927 999.996 0.0003 0.0003 0 0.88 -40 
0.17
0.660873 0.53152 0.428472 0.341084 0.336557 3.02379 5.39681 4.57841 3.96618 3.96313 4.44339 4.47815 4.65304 5.14239 5.85433 6.72753 6.10313 6.03203 5.85753 6.39939 5.62311 5.39612 5.43561 5.98916 6.8569 7.14569 7.02902 6.40957 5.50442 4.51867 3.63575 2.99 2.43676 1.48317 0.739611 0.708966 0.807224 0.820495 0.815281 0.669102 
0.470234 0.470234 0.470234 0.470234 0.470234 0.470234 0.470234 0.470234 0.470234 0.470234 0.470234 0.470234 0.470234 0.470234 0.470234 0.470234 0.479858 0.460296 0.441583 0.423721 0.40671 0.390549 0.375239 0.36078 0.347171 0.334412 0.322505 0.311447 0.301241 0.291884 0.283379 0.275724 0.268919 0.262965 0.257862 0.253609 0.250207 0.247655 0.245954 0.245103 
0.673581 -4.74762 -0.2 -4.64818 -0.0165391 0.248645 0.684493 -0.1 0 0.463051 -1.66531 4.656 -0.814325 2.68452 -1.11431 -1.853 -1.7267 -2.6035 -2.29179 0.436808 0.512612 0 0 0 
108.534 999.999 0.0003 0.0003 0 0.88 -40 
0.18
0.660873 0.53152 0.428472 0.341084 0.336557 3.02379 5.39681 4.57841 3.96618 3.96313 4.44339 4.47815 4.65304 5.14239 5.85433 6.72753 6.10313 6.03203 5.85753 6.39939 5.62311 5.39612 5.43561 5.98916 6.8569 7.14569 7.02902 6.40957 5.50442 4.51867 3.63575 2.99 2.43676 1.48317 0.739611 0.708966 0.807224 0.820495 0.815281 0.669102 
0.470234 0.470234 0.470234 0.470234 0.470234 0.470234 0.470234 0.470234 0.470234 0.470234 0.470234 0.470234 0.470234 0.470234 0.470234 0.470234 0.479858 0.460296 0.441583 0.423721 0.40671 0.390549 0.375239 0.36078 0.347171 0.334412 0.322505 0.311447 0.301241 0.291884 0.283379 0.275724 0.268919 0.262965 0.257862 0.253609 0.250207 0.247655 0.245954 0.245103 
0.673581 -4.74762 -0.2 -4.64818 -0.0165391 0.248645 0.684493 -0.1 0 0.463051 -1.66531 4.656 -0.814325 2.68452 -1.11431 -1.853 -1.7267 -2.6035 -2.29179 0.436808 0.512612 0 0 0 
109.133 1000 0.0003 0.0003 0 0.88 -40 
0.19
0.660873 0.53152 0.428472 0.341084 0.336557 3.02379 5.39681 4.57841 3.96618 3.96313 4.44339 4.47815 4.65304 5.14239 5.85433 6.72753 6.10313 6.03203 5.85753 6.39939 5.62311 5.39612 5.43561 5.98916 6.8569 7.14569 7.02902 6.40957 5.50442 4.51867 3.63575 2.99 2.43676 1.48317 0.739611 0.708966 0.807224 0.820495 0.815281 0.669102 
0.470234 0.470234 0.470234 0.470234 0.470234 0.470234 0.470234 0.470234 0.470234 0.470234 0.470234 0.470234 0.470234 0.470234 0.470234 0.470234 0.479858 0.460296 0.441583 0.423721 0.40671 0.390549 0.375239 0.36078 0.347171 0.334412 0.322505 0.311447 0.301241 0.291884 0.283379 0.275724 0.268919 0.262965 0.257862 0.253609 0.250207 0.247655 0.245954 0.245103 
0.673581 -4.74762 -0.2 -4.64818 -0.0165391 0.248645 0.684493 -0.1 0 0.463051 -1.66531 4.656 -0.814325 2.68452 -1.11431 -1.853 -1.7267 -2.6035 -2.29179 0.436808 0.512612 0 0 0 
109.728 1000 0.0003 0.0003 0 0.88 -40 
0.2
0.660873 0.53152 0.428472 0.341084 0.336557 3.02379 5.39681 4.57841 3.96618 3.96313 4.44339 4.47815 4.65304 5.14239 5.85433 6.72753 6.10313 6.03203 5.85753 6.39939 5.62311 5.39612 5.43561 5.98916 6.8569 7.14569 7.02902 6.40957 5.50442 4.51867 3.63575 2.99 2.43676 1.48317 0.739611 0.708966 0.807224 0.820495 0.815281 0.669102 
0.470234 0.470234 0.470234 0.470234 0.470234 0.470234 0.470234 0.470234 0.470234 0.470234 0.470234 0.470234 0.470234 0.470234 0.470234 0.470234 0.479858 0.460296 0.441583 0.423721 0.40671 0.390549 0.375239 0.36078 0.347171 0.334412 0.322505 0.311447 0.301241 0.291884 0.283379 0.275724 0.268919 0.262965 0.257862 0.253609 0.250207 0.247655 0.245954 0.245103 
0.673581 -4.74762 -0.2 -4.64818 -0.0165391 0.248645 0.684493 -0.1 0 0.463051 -1.66531 4.656 -0.814325 2.68452 -1.11431 -1.853 -1.7267 -2.6035 -2.29179 0.436808 0.512612 0 0 0 
110.322 1000 0.0003 0.0003 0 0.88 -40 
0.21
0.660873 0.53152 0.428472 0.341084 0.336557 3.02379 5.39681 4.57841 3.96618 3.96313 4.44339 4.47815 4.65304 5.14239 5.85433 6.72753 6.10313 6.03203 5.85753 6.39939 5.62311 5.39612 5.43561 5.98916 6.8569 7.14569 7.02902 6.40957 5.50442 4.51867 3.63575 2.99 2.43676 1.48317 0.739611 0.708966 0.807224 0.820495 0.815281 0.669102 
0.470234 0.470234 0.470234 0.470234 0.470234 0.470234 0.470234 0.470234 0.470234 0.470234 0.470234 0.470234 0.470234 0.470234 0.470234 0.470234 0.479858 0.460296 0.441583 0.423721 0.40671 0.390549 0.375239 0.36078 0.347171 0.334412 0.322505 0.311447 0.301241 0.291884 0.283379 0.275724 0.268919 0.262965 0.257862 0.253609 0.250207 0.247655 0.245954 0.245103 
0.673581 -4.74762 -0.2 -4.64818 -0.0165391 0.248645 0.684493 -0.1 0 0.463051 -1.66531 4.656 -0.814325 2.68452 -1.11431 -1.853 -1.7267 -2.6035 -2.29179 0.436808 0.512612 0 0 0 
110.917 1000 0.0003 0.0003 0 0.88 -40 
0.22
0.660873 0.53152 0.428472 0.341084 0.336557 3.02379 5.39681 4.57841 3.96618 3.96313 4.44339 4.47815 4.65304 5.14239 5.85433 6.72753 6.10313 6.03203 5.85753 6.39939 5.62311 5.39612 5.43561 5.98916 6.8569 7.14569 7.02902 6.40957 5.50442 4.51867 3.63575 2.99 2.43676 1.48317 0.739611 0.708966 0.807224 0.820495 0.815281 0.669102 
0.470234 0.470234 0.470234 0.470234 0.470234 0.470234 0.470234 0.470234 0.470234 0.470234 0.470234 0.470234 0.470234 0.470234 0.470234 0.470234 0.479858 0.460296 0.441583 0.423721 0.40671 0.390549 0.375239 0.36078 0.347171 0.334412 0.322505 0.311447 0.301241 0.291884 0.283379 0.275724 0.268919 0.262965 0.257862 0.253609 0.250207 0.247655 0.245954 0.245103 
0.673581 -4.74762 -0.2 -4.64818 -0.0165391 0.248645 0.684493 -0.1 0 0.463051 -1.66531 4.656 -0.814325 2.68452 -1.11431 -1.853 -1.7267 -2.6035 -2.29179 0.436808 0.512612 0 0 0 
111.514 1000 0.0003 0.0003 0 0.88 -40 
0.23
0.660873 0.53152 0.428472 0.341084 0.336557 3.02379 5.39681 4.57841 3.96618 3.96313 4.44339 4.47815 4.65304 5.14239 5.85433 6.72753 6.10313 6.03203 5.85753 6.39939 5.62311 5.39612 5.43561 5.98916 6.8569 7.14569 7.02902 6.40957 5.50442 4.51867 3.63575 2.99 2.43676 1.48317 0.739611 0.708966 0.807224 0.820495 0.815281 0.669102 
0.470234 0.470234 0.470234 0.470234 0.470234 0.470234 0.470234 0.470234 0.470234 0.470234 0.470234 0.470234 0.470234 0.470234 0.470234 0.470234 0.479858 0.460296 0.441583 0.423721 0.40671 0.390549 0.375239 0.36078 0.347171 0.334412 0.322505 0.311447 0.301241 0.291884 0.283379 0.275724 0.268919 0.262965 0.257862 0.253609 0.250207 0.247655 0.245954 0.245103 
0.673581 -4.74762 -0.2 -4.64818 -0.0165391 0.248645 0.684493 -0.1 0 0.463051 -1.66531 4.656 -0.814325 2.68452 -1.11431 -1.853 -1.7267 -2.6035 -2.29179 0.436808 0.512612 0 0 0 
112.114 1000 0.0003 0.0003 0 0.88 -40 
0.24
0.660873 0.53152 0.428472 0.341084 0.336557 3.02379 5.39681 4.57841 3.96618 3.96313 4.44339 4.47815 4.65304 5.14239 5.85433 6.72753 6.10313 6.03203 5.85753 6.39939 5.62311 5.39612 5.43561 5.98916 6.8569 7.14569 7.02902 6.40957 5.50442 4.51867 3.63575 2.99 2.43676 1.48317 0.739611 0.708966 0.807224 0.820495 0.815281 0.669102 
0.470234 0.470234 0.470234 0.470234 0.470234 0.470234 0.470234 0.470234 0.470234 0.470234 0.470234 0.470234 0.470234 0.470234 0.470234 0.470234 0.479858 0.460296 0.441583 0.423721 0.40671 0.390549 0.375239 0.36078 0.347171 0.334412 0.322505 0.311447 0.301241 0.291884 0.283379 0.275724 0.268919 0.262965 0.257862 0.253609 0.250207 0.247655 0.245954 0.245103 
0.673581 -4.74762 -0.2 -4.64818 -0.0165391 0.248645 0.684493 -0.1 0 0.463051 -1.66531 4.656 -0.814325 2.68452 -1.11431 -1.853 -1.7267 -2.6035 -2.29179 0.436808 0.512612 0 0 0 
112.717 1000 0.0003 0.0003 0 0.88 -40 
0.25
0.660873 0.53152 0.428472 0.341084 0.336557 3.02379 5.39681 4.57841 3.96618 3.96313 4.44339 4.47815 4.65304 5.14239 5.85433 6.72753 6.10313 6.03203 5.85753 6.39939 5.62311 5.39612 5.43561 5.98916 6.8569 7.14569 7.02902 6.40957 5.50442 4.51867 3.63575 2.99 2.43676 1.48317 0.739611 0.708966 0.807224 0.820495 0.815281 0.669102 
0.470234 0.470234 0.470234 0.470234 0.470234 0.470234 0.470234 0.470234 0.470234 0.470234 0.470234 0.470234 0.470234 0.470234 0.470234 0.470234 0.479858 0.460296 0.441583 0.423721 0.40671 0.390549 0.375239 0.36078 0.347171 0.334412 0.322505 0.311447 0.301241 0.291884 0.283379 0.275724 0.268919 0.262965 0.257862 0.253609 0.250207 0.247655 0.245954 0.245103 
0.673581 -4.74762 -0.2 -4.64818 -0.0165391 0.248645 0.684493 -0.1 0 0.463051 -1.66531 4.656 -0.814325 2.68452 -1.11431 -1.853 -1.7267 -2.6035 -2.29179 0.436808 0.512612 0 0 0 
113.323 1000 0.0003 0.0003 0 0.88 -40 
0.26
0.660873 0.53152 0.428472 0.341084 0.336557 3.02379 5.39681 4.57841 3.96618 3.96313 4.44339 4.47815 4.65304 5.14239 5.85433 6.72753 6.10313 6.03203 5.85753 6.39939 5.62311 5.39612 5.43561 5.98916 6.8569 7.14569 7.02902 6.40957 5.50442 4.51867 3.63575 2.99 2.43676 1.48317 0.739611 0.708966 0.807224 0.820495 0.815281 0.669102 
0.470234 0.470234 0.470234 0.470234 0.470234 0.470234 0.470234 0.470234 0.470234 0.470234 0.470234 0.470234 0.470234 0.470234 0.470234 0.470234 0.479858 0.460296 0.441583 0.423721 0.40671 0.390549 0.375239 0.36078 0.347171 0.334412 0.322505 0.311447 0.301241 0.291884 0.283379 0.275724 0.268919 0.262965 0.257862 0.253609 0.250207 0.247655 0.245954 0.245103 
0.673581 -4.74762 -0.2 -4.64818 -0.0165391 0.248645 0.684493 -0.1 0 0.463051 -1.66531 4.656 -0.814325 2.68452 -1.11431 -1.853 -1.7267 -2.6035 -2.29179 0.436808 0.512612 0 0 0 
113.932 1000 0.0003 0.0003 0 0.88 -40 
0.27
0.660873 0.53152 0.428472 0.341084 0.336557 3.02379 5.39681 4.57841 3.96618 3.96313 4.44339 4.47815 4.65304 5.14239 5.85433 6.72753 6.10313 6.03203 5.85753 6.39939 5.62311 5.39612 5.43561 5.98916 6.8569 7.14569 7.02902 6.40957 5.50442 4.51867 3.63575 2.99 2.43676 1.48317 0.739611 0.708966 0.807224 0.820495 0.815281 0.669102 
0.470234 0.470234 0.470234 0.470234 0.470234 0.470234 0.470234 0.470234 0.470234 0.470234 0.470234 0.470234 0.470234 0.470234 0.470234 0.470234 0.479858 0.460296 0.441583 0.423721 0.40671 0.390549 0.375239 0.36078 0.347171 0.334412 0.322505 0.311447 0.301241 0.291884 0.283379 0.275724 0.268919 0.262965 0.257862 0.253609 0.250207 0.247655 0.245954 0.245103 
0.673581 -4.74762 -0.2 -4.64818 -0.0165391 0.248645 0.684493 -0.1 0 0.463051 -1.66531 4.656 -0.814325 2.68452 -1.11431 -1.853 -1.7267 -2.6035 -2.29179 0.436808 0.512612 0 0 0 
114.979 1000 0.0003 0.0003 0 0.88 -40 
0.28
0.660873 0.53152 0.428472 0.341084 0.336557 3.02379 5.39681 4.57841 3.96618 3.96313 4.44339 4.47815 4.65304 5.14239 5.85433 6.72753 6.10313 6.03203 5.85753 6.39939 5.62311 5.39612 5.43561 5.98916 6.8569 7.14569 7.02902 6.40957 5.50442 4.51867 3.63575 2.99 2.43676 1.48317 0.739611 0.708966 0.807224 0.820495 0.815281 0.669102 
0.470234 0.470234 0.470234 0.470234 0.470234 0.470234 0.470234 0.470234 0.470234 0.470234 0.470234 0.470234 0.470234 0.470234 0.470234 0.470234 0.479858 0.460296 0.441583 0.423721 0.40671 0.390549 0.375239 0.36078 0.347171 0.334412 0.322505 0.311447 0.301241 0.291884 0.283379 0.275724 0.268919 0.262965 0.257862 0.253609 0.250207 0.247655 0.245954 0.245103 
0.673581 -4.74762 -0.2 -4.64818 -0.0165391 0.248645 0.684493 -0.1 0 0.463051 -1.66531 4.656 -0.814325 2.68452 -1.11431 -1.853 -1.7267 -2.6035 -2.29179 0.436808 0.512612 0 0 0 
116.153 1000 0.0003 0.0003 0 0.88 -40 
0.29
0.660873 0.53152 0.428472 0.341084 0.336557 3.02379 5.39681 4.57841 3.96618 3.96313 4.44339 4.47815 4.65304 5.14239 5.85433 6.72753 6.10313 6.03203 5.85753 6.39939 5.62311 5.39612 5.43561 5.98916 6.8569 7.14569 7.02902 6.40957 5.50442 4.51867 3.63575 2.99 2.43676 1.48317 0.739611 0.708966 0.807224 0.820495 0.815281 0.669102 
0.470234 0.470234 0.470234 0.470234 0.470234 0.470234 0.470234 0.470234 0.470234 0.470234 0.470234 0.470234 0.470234 0.470234 0.470234 0.470234 0.479858 0.460296 0.441583 0.423721 0.40671 0.390549 0.375239 0.36078 0.347171 0.334412 0.322505 0.311447 0.301241 0.291884 0.283379 0.275724 0.268919 0.262965 0.257862 0.253609 0.250207 0.247655 0.245954 0.245103 
0.673581 -4.74762 -0.2 -4.64818 -0.0165391 0.248645 0.684493 -0.1 0 0.463051 -1.66531 4.656 -0.814325 2.68452 -1.11431 -1.853 -1.7267 -2.6035 -2.29179 0.436808 0.512612 0 0 0 
116.808 1000 0.0003 0.0003 0 0.88 -40 
0.3
0.660873 0.53152 0.428472 0.341084 0.336557 3.02379 5.39681 4.57841 3.96618 3.96313 4.44339 4.47815 4.65304 5.14239 5.85433 6.72753 6.10313 6.03203 5.85753 6.39939 5.62311 5.39612 5.43561 5.98916 6.8569 7.14569 7.02902 6.40957 5.50442 4.51867 3.63575 2.99 2.43676 1.48317 0.739611 0.708966 0.807224 0.820495 0.815281 0.669102 
0.470234 0.470234 0.470234 0.470234 0.470234 0.470234 0.470234 0.470234 0.470234 0.470234 0.470234 0.470234 0.470234 0.470234 0.470234 0.470234 0.479858 0.460296 0.441583 0.423721 0.40671 0.390549 0.375239 0.36078 0.347171 0.334412 0.322505 0.311447 0.301241 0.291884 0.283379 0.275724 0.268919 0.262965 0.257862 0.253609 0.250207 0.247655 0.245954 0.245103 
0.673581 -4.74762 -0.2 -4.64818 -0.0165391 0.248645 0.684493 -0.1 0 0.463051 -1.66531 4.656 -0.814325 2.68452 -1.11431 -1.853 -1.7267 -2.6035 -2.29179 0.436808 0.512612 0 0 0 
116.642 1000 0.0003 0.0003 0 0.88 -40 
0.31
0.660873 0.53152 0.428472 0.341084 0.336557 3.02379 5.39681 4.57841 3.96618 3.96313 4.44339 4.47815 4.65304 5.14239 5.85433 6.72753 6.10313 6.03203 5.85753 6.39939 5.62311 5.39612 5.43561 5.98916 6.8569 7.14569 7.02902 6.40957 5.50442 4.51867 3.63575 2.99 2.43676 1.48317 0.739611 0.708966 0.807224 0.820495 0.815281 0.669102 
0.470234 0.470234 0.470234 0.470234 0.470234 0.470234 0.470234 0.470234 0.470234 0.470234 0.470234 0.470234 0.470234 0.470234 0.470234 0.470234 0.479858 0.460296 0.441583 0.423721 0.40671 0.390549 0.375239 0.36078 0.347171 0.334412 0.322505 0.311447 0.301241 0.291884 0.283379 0.275724 0.268919 0.262965 0.257862 0.253609 0.250207 0.247655 0.245954 0.245103 
0.673581 -4.74762 -0.2 -4.64818 -0.0165391 0.248645 0.684493 -0.1 0 0.463051 -1.66531 4.656 -0.814325 2.68452 -1.11431 -1.853 -1.7267 -2.6035 -2.29179 0.436808 0.512612 0 0 0 
115.767 1000 0.0003 0.0003 0 0.88 -40 
0.32
0.660873 0.53152 0.428472 0.341084 0.336557 3.02379 5.39681 4.57841 3.96618 3.96313 4.44339 4.47815 4.65304 5.14239 5.85433 6.72753 6.10313 6.03203 5.85753 6.39939 5.62311 5.39612 5.43561 5.98916 6.8569 7.14569 7.02902 6.40957 5.50442 4.51867 3.63575 2.99 2.43676 1.48317 0.739611 0.708966 0.807224 0.820495 0.815281 0.669102 
0.470234 0.470234 0.470234 0.470234 0.470234 0.470234 0.470234 0.470234 0.470234 0.470234 0.470234 0.470234 0.470234 0.470234 0.470234 0.470234 0.479858 0.460296 0.441583 0.423721 0.40671 0.390549 0.375239 0.36078 0.347171 0.334412 0.322505 0.311447 0.301241 0.291884 0.283379 0.275724 0.268919 0.262965 0.257862 0.253609 0.250207 0.247655 0.245954 0.245103 
0.673581 -4.74762 -0.2 -4.64818 -0.0165391 0.248645 0.684493 -0.1 0 0.463051 -1.66531 4.656 -0.814325 2.68452 -1.11431 -1.853 -1.7267 -2.6035 -2.29179 0.436808 0.512612 0 0 0 
114.432 1000 0.0003 0.0003 0 0.88 -40 
0.33
0.660873 0.53152 0.428472 0.341084 0.336557 3.02379 5.39681 4.57841 3.96618 3.96313 4.44339 4.47815 4.65304 5.14239 5.85433 6.72753 6.10313 6.03203 5.85753 6.39939 5.62311 5.39612 5.43561 5.98916 6.8569 7.14569 7.02902 6.40957 5.50442 4.51867 3.63575 2.99 2.43676 1.48317 0.739611 0.708966 0.807224 0.820495 0.815281 0.669102 
0.470234 0.470234 0.470234 0.470234 0.470234 0.470234 0.470234 0.470234 0.470234 0.470234 0.470234 0.470234 0.470234 0.470234 0.470234 0.470234 0.479858 0.460296 0.441583 0.423721 0.40671 0.390549 0.375239 0.36078 0.347171 0.334412 0.322505 0.311447 0.301241 0.291884 0.283379 0.275724 0.268919 0.262965 0.257862 0.253609 0.250207 0.247655 0.245954 0.245103 
0.673581 -4.74762 -0.2 -4.64818 -0.0165391 0.248645 0.684493 -0.1 0 0.463051 -1.66531 4.656 -0.814325 2.68452 -1.11431 -1.853 -1.7267 -2.6035 -2.29179 0.436808 0.512612 0 0 0 
112.854 1000 0.0003 0.0003 0 0.88 -40 
0.34
0.660873 0.53152 0.428472 0.341084 0.336557 3.02379 5.39681 4.57841 3.96618 3.96313 4.44339 4.47815 4.65304 5.14239 5.85433 6.72753 6.10313 6.03203 5.85753 6.39939 5.62311 5.39612 5.43561 5.98916 6.8569 7.14569 7.02902 6.40957 5.50442 4.51867 3.63575 2.99 2.43676 1.48317 0.739611 0.708966 0.807224 0.820495 0.815281 0.669102 
0.470234 0.470234 0.470234 0.470234 0.470234 0.470234 0.470234 0.470234 0.470234 0.470234 0.470234 0.470234 0.470234 0.470234 0.470234 0.470234 0.479858 0.460296 0.441583 0.423721 0.40671 0.390549 0.375239 0.36078 0.347171 0.334412 0.322505 0.311447 0.301241 0.291884 0.283379 0.275724 0.268919 0.262965 0.257862 0.253609 0.250207 0.247655 0.245954 0.245103 
0.673581 -4.74762 -0.2 -4.64818 -0.0165391 0.248645 0.684493 -0.1 0 0.463051 -1.66531 4.656 -0.814325 2.68452 -1.11431 -1.853 -1.7267 -2.6035 -2.29179 0.436808 0.512612 0 0 0 
111.169 1000 0.0003 0.0003 0 0.88 -40 
0.35
0.660873 0.53152 0.428472 0.341084 0.336557 3.02379 5.39681 4.57841 3.96618 3.96313 4.44339 4.47815 4.65304 5.14239 5.85433 6.72753 6.10313 6.03203 5.85753 6.39939 5.62311 5.39612 5.43561 5.98916 6.8569 7.14569 7.02902 6.40957 5.50442 4.51867 3.63575 2.99 2.43676 1.48317 0.739611 0.708966 0.807224 0.820495 0.815281 0.669102 
0.470234 0.470234 0.470234 0.470234 0.470234 0.470234 0.470234 0.470234 0.470234 0.470234 0.470234 0.470234 0.470234 0.470234 0.470234 0.470234 0.479858 0.460296 0.441583 0.423721 0.40671 0.390549 0.375239 0.36078 0.347171 0.334412 0.322505 0.311447 0.301241 0.291884 0.283379 0.275724 0.268919 0.262965 0.257862 0.253609 0.250207 0.247655 0.245954 0.245103 
0.673581 -4.74762 -0.2 -4.64818 -0.0165391 0.248645 0.684493 -0.1 0 0.463051 -1.66531 4.656 -0.814325 2.68452 -1.11431 -1.853 -1.7267 -2.6035 -2.29179 0.436808 0.512612 0 0 0 
109.45 1000 0.0003 0.0003 0 0.88 -40 
0.36
0.660873 0.53152 0.428472 0.341084 0.336557 3.02379 5.39681 4.57841 3.96618 3.96313 4.44339 4.47815 4.65304 5.14239 5.85433 6.72753 6.10313 6.03203 5.85753 6.39939 5.62311 5.39612 5.43561 5.98916 6.8569 7.14569 7.02902 6.40957 5.50442 4.51867 3.63575 2.99 2.43676 1.48317 0.739611 0.708966 0.807224 0.820495 0.815281 0.669102 
0.470234 0.470234 0.470234 0.470234 0.470234 0.470234 0.470234 0.470234 0.470234 0.470234 0.470234 0.470234 0.470234 0.470234 0.470234 0.470234 0.479858 0.460296 0.441583 0.423721 0.40671 0.390549 0.375239 0.36078 0.347171 0.334412 0.322505 0.311447 0.301241 0.291884 0.283379 0.275724 0.268919 0.262965 0.257862 0.253609 0.250207 0.247655 0.245954 0.245103 
0.673581 -4.74762 -0.2 -4.64818 -0.0165391 0.248645 0.684493 -0.1 0 0.463051 -1.66531 4.656 -0.814325 2.68452 -1.11431 -1.853 -1.7267 -2.6035 -2.29179 0.436808 0.512612 0 0 0 
107.732 1000 0.0003 0.0003 0 0.88 -40 
0.37
0.660873 0.53152 0.428472 0.341084 0.336557 3.02379 5.39681 4.57841 3.96618 3.96313 4.44339 4.47815 4.65304 5.14239 5.85433 6.72753 6.10313 6.03203 5.85753 6.39939 5.62311 5.39612 5.43561 5.98916 6.8569 7.14569 7.02902 6.40957 5.50442 4.51867 3.63575 2.99 2.43676 1.48317 0.739611 0.708966 0.807224 0.820495 0.815281 0.669102 
0.470234 0.470234 0.470234 0.470234 0.470234 0.470234 0.470234 0.470234 0.470234 0.470234 0.470234 0.470234 0.470234 0.470234 0.470234 0.470234 0.479858 0.460296 0.441583 0.423721 0.40671 0.390549 0.375239 0.36078 0.347171 0.334412 0.322505 0.311447 0.301241 0.291884 0.283379 0.275724 0.268919 0.262965 0.257862 0.253609 0.250207 0.247655 0.245954 0.245103 
0.673581 -4.74762 -0.2 -4.64818 -0.0165391 0.248645 0.684493 -0.1 0 0.463051 -1.66531 4.656 -0.814325 2.68452 -1.11431 -1.853 -1.7267 -2.6035 -2.29179 0.436808 0.512612 0 0 0 
106.03 1000 0.0003 0.0003 0 0.88 -40 
0.38
0.660873 0.53152 0.428472 0.341084 0.336557 3.02379 5.39681 4.57841 3.96618 3.96313 4.44339 4.47815 4.65304 5.14239 5.85433 6.72753 6.10313 6.03203 5.85753 6.39939 5.62311 5.39612 5.43561 5.98916 6.8569 7.14569 7.02902 6.40957 5.50442 4.51867 3.63575 2.99 2.43676 1.48317 0.739611 0.708966 0.807224 0.820495 0.815281 0.669102 
0.470234 0.470234 0.470234 0.470234 0.470234 0.470234 0.470234 0.470234 0.470234 0.470234 0.470234 0.470234 0.470234 0.470234 0.470234 0.470234 0.479858 0.460296 0.441583 0.423721 0.40671 0.390549 0.375239 0.36078 0.347171 0.334412 0.322505 0.311447 0.301241 0.291884 0.283379 0.275724 0.268919 0.262965 0.257862 0.253609 0.250207 0.247655 0.245954 0.245103 
0.673581 -4.74762 -0.2 -4.64818 -0.0165391 0.248645 0.684493 -0.1 0 0.463051 -1.66531 4.656 -0.814325 2.68452 -1.11431 -1.853 -1.7267 -2.6035 -2.29179 0.436808 0.512612 0 0 0 
104.351 1000 0.0003 0.0003 0 0.88 -40 
0.39
0.660873 0.53152 0.428472 0.341084 0.336557 3.02379 5.39681 4.57841 3.96618 3.96313 4.44339 4.47815 4.65304 5.14239 5.85433 6.72753 6.10313 6.03203 5.85753 6.39939 5.62311 5.39612 5.43561 5.98916 6.8569 7.14569 7.02902 6.40957 5.50442 4.51867 3.63575 2.99 2.43676 1.48317 0.739611 0.708966 0.807224 0.820495 0.815281 0.669102 
0.470234 0.470234 0.470234 0.470234 0.470234 0.470234 0.470234 0.470234 0.470234 0.470234 0.470234 0.470234 0.470234 0.470234 0.470234 0.470234 0.479858 0.460296 0.441583 0.423721 0.40671 0.390549 0.375239 0.36078 0.347171 0.334412 0.322505 0.311447 0.301241 0.291884 0.283379 0.275724 0.268919 0.262965 0.257862 0.253609 0.250207 0.247655 0.245954 0.245103 
0.673581 -4.74762 -0.2 -4.64818 -0.0165391 0.248645 0.684493 -0.1 0 0.463051 -1.66531 4.656 -0.814325 2.68452 -1.11431 -1.853 -1.7267 -2.6035 -2.29179 0.436808 0.512612 0 0 0 
102.697 1000 0.0003 0.0003 0 0.88 -40 
0.4
0.660873 0.53152 0.428472 0.341084 0.336557 3.02379 5.39681 4.57841 3.96618 3.96313 4.44339 4.47815 4.65304 5.14239 5.85433 6.72753 6.10313 6.03203 5.85753 6.39939 5.62311 5.39612 5.43561 5.98916 6.8569 7.14569 7.02902 6.40957 5.50442 4.51867 3.63575 2.99 2.43676 1.48317 0.739611 0.708966 0.807224 0.820495 0.815281 0.669102 
0.470234 0.470234 0.470234 0.470234 0.470234 0.470234 0.470234 0.470234 0.470234 0.470234 0.470234 0.470234 0.470234 0.470234 0.470234 0.470234 0.479858 0.460296 0.441583 0.423721 0.40671 0.390549 0.375239 0.36078 0.347171 0.334412 0.322505 0.311447 0.301241 0.291884 0.283379 0.275724 0.268919 0.262965 0.257862 0.253609 0.250207 0.247655 0.245954 0.245103 
0.673581 -4.74762 -0.2 -4.64818 -0.0165391 0.248645 0.684493 -0.1 0 0.463051 -1.66531 4.656 -0.814325 2.68452 -1.11431 -1.853 -1.7267 -2.6035 -2.29179 0.436808 0.512612 0 0 0 
101.068 1000 0.0003 0.0003 0 0.88 -40 
0.41
0.660873 0.53152 0.428472 0.341084 0.336557 3.02379 5.39681 4.57841 3.96618 3.96313 4.44339 4.47815 4.65304 5.14239 5.85433 6.72753 6.10313 6.03203 5.85753 6.39939 5.62311 5.39612 5.43561 5.98916 6.8569 7.14569 7.02902 6.40957 5.50442 4.51867 3.63575 2.99 2.43676 1.48317 0.739611 0.708966 0.807224 0.820495 0.815281 0.669102 
0.470234 0.470234 0.470234 0.470234 0.470234 0.470234 0.470234 0.470234 0.470234 0.470234 0.470234 0.470234 0.470234 0.470234 0.470234 0.470234 0.479858 0.460296 0.441583 0.423721 0.40671 0.390549 0.375239 0.36078 0.347171 0.334412 0.322505 0.311447 0.301241 0.291884 0.283379 0.275724 0.268919 0.262965 0.257862 0.253609 0.250207 0.247655 0.245954 0.245103 
0.673581 -4.74762 -0.2 -4.64818 -0.0165391 0.248645 0.684493 -0.1 0 0.463051 -1.66531 4.656 -0.814325 2.68452 -1.11431 -1.853 -1.7267 -2.6035 -2.29179 0.436808 0.512612 0 0 0 
99.4653 1000 0.0003 0.0003 0 0.88 -40 
0.42
0.660873 0.53152 0.428472 0.341084 0.336557 3.02379 5.39681 4.57841 3.96618 3.96313 4.44339 4.47815 4.65304 5.14239 5.85433 6.72753 6.10313 6.03203 5.85753 6.39939 5.62311 5.39612 5.43561 5.98916 6.8569 7.14569 7.02902 6.40957 5.50442 4.51867 3.63575 2.99 2.43676 1.48317 0.739611 0.708966 0.807224 0.820495 0.815281 0.669102 
0.470234 0.470234 0.470234 0.470234 0.470234 0.470234 0.470234 0.470234 0.470234 0.470234 0.470234 0.470234 0.470234 0.470234 0.470234 0.470234 0.479858 0.460296 0.441583 0.423721 0.40671 0.390549 0.375239 0.36078 0.347171 0.334412 0.322505 0.311447 0.301241 0.291884 0.283379 0.275724 0.268919 0.262965 0.257862 0.253609 0.250207 0.247655 0.245954 0.245103 
0.673581 -4.74762 -0.2 -4.64818 -0.0165391 0.248645 0.684493 -0.1 0 0.463051 -1.66531 4.656 -0.814325 2.68452 -1.11431 -1.853 -1.7267 -2.6035 -2.29179 0.436808 0.512612 0 0 0 
97.8876 1000 0.0003 0.0003 0 0.88 -40 
0.43
0.660873 0.53152 0.428472 0.341084 0.336557 3.02379 5.39681 4.57841 3.96618 3.96313 4.44339 4.47815 4.65304 5.14239 5.85433 6.72753 6.10313 6.03203 5.85753 6.39939 5.62311 5.39612 5.43561 5.98916 6.8569 7.14569 7.02902 6.40957 5.50442 4.51867 3.63575 2.99 2.43676 1.48317 0.739611 0.708966 0.807224 0.820495 0.815281 0.669102 
0.470234 0.470234 0.470234 0.470234 0.470234 0.470234 0.470234 0.470234 0.470234 0.470234 0.470234 0.470234 0.470234 0.470234 0.470234 0.470234 0.479858 0.460296 0.441583 0.423721 0.40671 0.390549 0.375239 0.36078 0.347171 0.334412 0.322505 0.311447 0.301241 0.291884 0.283379 0.275724 0.268919 0.262965 0.257862 0.253609 0.250207 0.247655 0.245954 0.245103 
0.673581 -4.74762 -0.2 -4.64818 -0.0165391 0.248645 0.684493 -0.1 0 0.463051 -1.66531 4.656 -0.814325 2.68452 -1.11431 -1.853 -1.7267 -2.6035 -2.29179 0.436808 0.512612 0 0 0 
96.335 1000 0.0003 0.0003 0 0.88 -40 
0.44
0.660873 0.53152 0.428472 0.341084 0.336557 3.02379 5.39681 4.57841 3.96618 3.96313 4.44339 4.47815 4.65304 5.14239 5.85433 6.72753 6.10313 6.03203 5.85753 6.39939 5.62311 5.39612 5.43561 5.98916 6.8569 7.14569 7.02902 6.40957 5.50442 4.51867 3.63575 2.99 2.43676 1.48317 0.739611 0.708966 0.807224 0.820495 0.815281 0.669102 
0.470234 0.470234 0.470234 0.470234 0.470234 0.470234 0.470234 0.470234 0.470234 0.470234 0.470234 0.470234 0.470234 0.470234 0.470234 0.470234 0.479858 0.460296 0.441583 0.423721 0.40671 0.390549 0.375239 0.36078 0.347171 0.334412 0.322505 0.311447 0.301241 0.291884 0.283379 0.275724 0.268919 0.262965 0.257862 0.253609 0.250207 0.247655 0.245954 0.245103 
0.673581 -4.74762 -0.2 -4.64818 -0.0165391 0.248645 0.684493 -0.1 0 0.463051 -1.66531 4.656 -0.814325 2.68452 -1.11431 -1.853 -1.7267 -2.6035 -2.29179 0.436808 0.512612 0 0 0 
94.807 1000 0.0003 0.0003 0 0.88 -40 
0.45
0.660873 0.53152 0.428472 0.341084 0.336557 3.02379 5.39681 4.57841 3.96618 3.96313 4.44339 4.47815 4.65304 5.14239 5.85433 6.72753 6.10313 6.03203 5.85753 6.39939 5.62311 5.39612 5.43561 5.98916 6.8569 7.14569 7.02902 6.40957 5.50442 4.51867 3.63575 2.99 2.43676 1.48317 0.739611 0.708966 0.807224 0.820495 0.815281 0.669102 
0.470234 0.470234 0.470234 0.470234 0.470234 0.470234 0.470234 0.470234 0.470234 0.470234 0.470234 0.470234 0.470234 0.470234 0.470234 0.470234 0.479858 0.460296 0.441583 0.423721 0.40671 0.390549 0.375239 0.36078 0.347171 0.334412 0.322505 0.311447 0.301241 0.291884 0.283379 0.275724 0.268919 0.262965 0.257862 0.253609 0.250207 0.247655 0.245954 0.245103 
0.673581 -4.74762 -0.2 -4.64818 -0.0165391 0.248645 0.684493 -0.1 0 0.463051 -1.66531 4.656 -0.814325 2.68452 -1.11431 -1.853 -1.7267 -2.6035 -2.29179 0.436808 0.512612 0 0 0 
93.3032 1000 0.0003 0.0003 0 0.88 -40 
0.46
0.660873 0.53152 0.428472 0.341084 0.336557 3.02379 5.39681 4.57841 3.96618 3.96313 4.44339 4.47815 4.65304 5.14239 5.85433 6.72753 6.10313 6.03203 5.85753 6.39939 5.62311 5.39612 5.43561 5.98916 6.8569 7.14569 7.02902 6.40957 5.50442 4.51867 3.63575 2.99 2.43676 1.48317 0.739611 0.708966 0.807224 0.820495 0.815281 0.669102 
0.470234 0.470234 0.470234 0.470234 0.470234 0.470234 0.470234 0.470234 0.470234 0.470234 0.470234 0.470234 0.470234 0.470234 0.470234 0.470234 0.479858 0.460296 0.441583 0.423721 0.40671 0.390549 0.375239 0.36078 0.347171 0.334412 0.322505 0.311447 0.301241 0.291884 0.283379 0.275724 0.268919 0.262965 0.257862 0.253609 0.250207 0.247655 0.245954 0.245103 
0.673581 -4.74762 -0.2 -4.64818 -0.0165391 0.248645 0.684493 -0.1 0 0.463051 -1.66531 4.656 -0.814325 2.68452 -1.11431 -1.853 -1.7267 -2.6035 -2.29179 0.436808 0.512612 0 0 0 
91.8233 1000 0.0003 0.0003 0 0.88 -40 
0.47
0.660873 0.53152 0.428472 0.341084 0.336557 3.02379 5.39681 4.57841 3.96618 3.96313 4.44339 4.47815 4.65304 5.14239 5.85433 6.72753 6.10313 6.03203 5.85753 6.39939 5.62311 5.39612 5.43561 5.98916 6.8569 7.14569 7.02902 6.40957 5.50442 4.51867 3.63575 2.99 2.43676 1.48317 0.739611 0.708966 0.807224 0.820495 0.815281 0.669102 
0.470234 0.470234 0.470234 0.470234 0.470234 0.470234 0.470234 0.470234 0.470234 0.470234 0.470234 0.470234 0.470234 0.470234 0.470234 0.470234 0.479858 0.460296 0.441583 0.423721 0.40671 0.390549 0.375239 0.36078 0.347171 0.334412 0.322505 0.311447 0.301241 0.291884 0.283379 0.275724 0.268919 0.262965 0.257862 0.253609 0.250207 0.247655 0.245954 0.245103 
0.673581 -4.74762 -0.2 -4.64818 -0.0165391 0.248645 0.684493 -0.1 0 0.463051 -1.66531 4.656 -0.814325 2.68452 -1.11431 -1.853 -1.7267 -2.6035 -2.29179 0.436808 0.512612 0 0 0 
90.3669 1000 0.0003 0.0003 0 0.88 -40 
0.48
0.660873 0.53152 0.428472 0.341084 0.336557 3.02379 5.39681 4.57841 3.96618 3.96313 4.44339 4.47815 4.65304 5.14239 5.85433 6.72753 6.10313 6.03203 5.85753 6.39939 5.62311 5.39612 5.43561 5.98916 6.8569 7.14569 7.02902 6.40957 5.50442 4.51867 3.63575 2.99 2.43676 1.48317 0.739611 0.708966 0.807224 0.820495 0.815281 0.669102 
0.470234 0.470234 0.470234 0.470234 0.470234 0.470234 0.470234 0.470234 0.470234 0.470234 0.470234 0.470234 0.470234 0.470234 0.470234 0.470234 0.479858 0.460296 0.441583 0.423721 0.40671 0.390549 0.375239 0.36078 0.347171 0.334412 0.322505 0.311447 0.301241 0.291884 0.283379 0.275724 0.268919 0.262965 0.257862 0.253609 0.250207 0.247655 0.245954 0.245103 
0.673581 -4.74762 -0.2 -4.64818 -0.0165391 0.248645 0.684493 -0.1 0 0.463051 -1.66531 4.656 -0.814325 2.68452 -1.11431 -1.853 -1.7267 -2.6035 -2.29179 0.436808 0.512612 0 0 0 
88.9335 1000 0.0003 0.0003 0 0.88 -40 
0.49
0.660873 0.53152 0.428472 0.341084 0.336557 3.02379 5.39681 4.57841 3.96618 3.96313 4.44339 4.47815 4.65304 5.14239 5.85433 6.72753 6.10313 6.03203 5.85753 6.39939 5.62311 5.39612 5.43561 5.98916 6.8569 7.14569 7.02902 6.40957 5.50442 4.51867 3.63575 2.99 2.43676 1.48317 0.739611 0.708966 0.807224 0.820495 0.815281 0.669102 
0.470234 0.470234 0.470234 0.470234 0.470234 0.470234 0.470234 0.470234 0.470234 0.470234 0.470234 0.470234 0.470234 0.470234 0.470234 0.470234 0.479858 0.460296 0.441583 0.423721 0.40671 0.390549 0.375239 0.36078 0.347171 0.334412 0.322505 0.311447 0.301241 0.291884 0.283379 0.275724 0.268919 0.262965 0.257862 0.253609 0.250207 0.247655 0.245954 0.245103 
0.673581 -4.74762 -0.2 -4.64818 -0.0165391 0.248645 0.684493 -0.1 0 0.463051 -1.66531 4.656 -0.814325 2.68452 -1.11431 -1.853 -1.7267 -2.6035 -2.29179 0.436808 0.512612 0 0 0 
87.5229 1000 0.0003 0.0003 0 0.88 -40 
0.5
0.660873 0.53152 0.428472 0.341084 0.336557 3.02379 5.39681 4.57841 3.96618 3.96313 4.44339 4.47815 4.65304 5.14239 5.85433 6.72753 6.10313 6.03203 5.85753 6.39939 5.62311 5.39612 5.43561 5.98916 6.8569 7.14569 7.02902 6.40957 5.50442 4.51867 3.63575 2.99 2.43676 1.48317 0.739611 0.708966 0.807224 0.820495 0.815281 0.669102 
0.470234 0.470234 0.470234 0.470234 0.470234 0.470234 0.470234 0.470234 0.470234 0.470234 0.470234 0.470234 0.470234 0.470234 0.470234 0.470234 0.479858 0.460296 0.441583 0.423721 0.40671 0.390549 0.375239 0.36078 0.347171 0.334412 0.322505 0.311447 0.301241 0.291884 0.283379 0.275724 0.268919 0.262965 0.257862 0.253609 0.250207 0.247655 0.245954 0.245103 
0.673581 -4.74762 -0.2 -4.64818 -0.0165391 0.248645 0.684493 -0.1 0 0.463051 -1.66531 4.656 -0.814325 2.68452 -1.11431 -1.853 -1.7267 -2.6035 -2.29179 0.436808 0.512612 0 0 0 
86.1346 1000 0.0003 0.0003 0 0.88 -40 
0.51
0.660873 0.53152 0.428472 0.341084 0.336557 3.02379 5.39681 4.57841 3.96618 3.96313 4.44339 4.47815 4.65304 5.14239 5.85433 6.72753 6.10313 6.03203 5.85753 6.39939 5.62311 5.39612 5.43561 5.98916 6.8569 7.14569 7.02902 6.40957 5.50442 4.51867 3.63575 2.99 2.43676 1.48317 0.739611 0.708966 0.807224 0.820495 0.815281 0.669102 
0.470234 0.470234 0.470234 0.470234 0.470234 0.470234 0.470234 0.470234 0.470234 0.470234 0.470234 0.470234 0.470234 0.470234 0.470234 0.470234 0.479858 0.460296 0.441583 0.423721 0.40671 0.390549 0.375239 0.36078 0.347171 0.334412 0.322505 0.311447 0.301241 0.291884 0.283379 0.275724 0.268919 0.262965 0.257862 0.253609 0.250207 0.247655 0.245954 0.245103 
0.673581 -4.74762 -0.2 -4.64818 -0.0165391 0.248645 0.684493 -0.1 0 0.463051 -1.66531 4.656 -0.814325 2.68452 -1.11431 -1.853 -1.7267 -2.6035 -2.29179 0.436808 0.512612 0 0 0 
84.7684 1000 0.0003 0.0003 0 0.88 -40 
0.52
0.660873 0.53152 0.428472 0.341084 0.336557 3.02379 5.39681 4.57841 3.96618 3.96313 4.44339 4.47815 4.65304 5.14239 5.85433 6.72753 6.10313 6.03203 5.85753 6.39939 5.62311 5.39612 5.43561 5.98916 6.8569 7.14569 7.02902 6.40957 5.50442 4.51867 3.63575 2.99 2.43676 1.48317 0.739611 0.708966 0.807224 0.820495 0.815281 0.669102 
0.470234 0.470234 0.470234 0.470234 0.470234 0.470234 0.470234 0.470234 0.470234 0.470234 0.470234 0.470234 0.470234 0.470234 0.470234 0.470234 0.479858 0.460296 0.441583 0.423721 0.40671 0.390549 0.375239 0.36078 0.347171 0.334412 0.322505 0.311447 0.301241 0.291884 0.283379 0.275724 0.268919 0.262965 0.257862 0.253609 0.250207 0.247655 0.245954 0.245103 
0.673581 -4.74762 -0.2 -4.64818 -0.0165391 0.248645 0.684493 -0.1 0 0.463051 -1.66531 4.656 -0.814325 2.68452 -1.11431 -1.853 -1.7267 -2.6035 -2.29179 0.436808 0.512612 0 0 0 
83.4239 1000 0.0003 0.0003 0 0.88 -40 
0.53
0.660873 0.53152 0.428472 0.341084 0.336557 3.02379 5.39681 4.57841 3.96618 3.96313 4.44339 4.47815 4.65304 5.14239 5.85433 6.72753 6.10313 6.03203 5.85753 6.39939 5.62311 5.39612 5.43561 5.98916 6.8569 7.14569 7.02902 6.40957 5.50442 4.51867 3.63575 2.99 2.43676 1.48317 0.739611 0.708966 0.807224 0.820495 0.815281 0.669102 
0.470234 0.470234 0.470234 0.470234 0.470234 0.470234 0.470234 0.470234 0.470234 0.470234 0.470234 0.470234 0.470234 0.470234 0.470234 0.470234 0.479858 0.460296 0.441583 0.423721 0.40671 0.390549 0.375239 0.36078 0.347171 0.334412 0.322505 0.311447 0.301241 0.291884 0.283379 0.275724 0.268919 0.262965 0.257862 0.253609 0.250207 0.247655 0.245954 0.245103 
0.673581 -4.74762 -0.2 -4.64818 -0.0165391 0.248645 0.684493 -0.1 0 0.463051 -1.66531 4.656 -0.814325 2.68452 -1.11431 -1.853 -1.7267 -2.6035 -2.29179 0.436808 0.512612 0 0 0 
82.1007 1000 0.0003 0.0003 0 0.88 -40 
0.54
0.660873 0.53152 0.428472 0.341084 0.336557 3.02379 5.39681 4.57841 3.96618 3.96313 4.44339 4.47815 4.65304 5.14239 5.85433 6.72753 6.10313 6.03203 5.85753 6.39939 5.62311 5.39612 5.43561 5.98916 6.8569 7.14569 7.02902 6.40957 5.50442 4.51867 3.63575 2.99 2.43676 1.48317 0.739611 0.708966 0.807224 0.820495 0.815281 0.669102 
0.470234 0.470234 0.470234 0.470234 0.470234 0.470234 0.470234 0.470234 0.470234 0.470234 0.470234 0.470234 0.470234 0.470234 0.470234 0.470234 0.479858 0.460296 0.441583 0.423721 0.40671 0.390549 0.375239 0.36078 0.347171 0.334412 0.322505 0.311447 0.301241 0.291884 0.283379 0.275724 0.268919 0.262965 0.257862 0.253609 0.250207 0.247655 0.245954 0.245103 
0.673581 -4.74762 -0.2 -4.64818 -0.0165391 0.248645 0.684493 -0.1 0 0.463051 -1.66531 4.656 -0.814325 2.68452 -1.11431 -1.853 -1.7267 -2.6035 -2.29179 0.436808 0.512612 0 0 0 
80.7984 1000 0.0003 0.0003 0 0.88 -40 
0.55
0.660873 0.53152 0.428472 0.341084 0.336557 3.02379 5.39681 4.57841 3.96618 3.96313 4.44339 4.47815 4.65304 5.14239 5.85433 6.72753 6.10313 6.03203 5.85753 6.39939 5.62311 5.39612 5.43561 5.98916 6.8569 7.14569 7.02902 6.40957 5.50442 4.51867 3.63575 2.99 2.43676 1.48317 0.739611 0.708966 0.807224 0.820495 0.815281 0.669102 
0.470234 0.470234 0.470234 0.470234 0.470234 0.470234 0.470234 0.470234 0.470234 0.470234 0.470234 0.470234 0.470234 0.470234 0.470234 0.470234 0.479858 0.460296 0.441583 0.423721 0.40671 0.390549 0.375239 0.36078 0.347171 0.334412 0.322505 0.311447 0.301241 0.291884 0.283379 0.275724 0.268919 0.262965 0.257862 0.253609 0.250207 0.247655 0.245954 0.245103 
0.673581 -4.74762 -0.2 -4.64818 -0.0165391 0.248645 0.684493 -0.1 0 0.463051 -1.66531 4.656 -0.814325 2.68452 -1.11431 -1.853 -1.7267 -2.6035 -2.29179 0.436808 0.512612 0 0 0 
79.5168 1000 0.0003 0.0003 0 0.88 -40 
0.56
0.660873 0.53152 0.428472 0.341084 0.336557 3.02379 5.39681 4.57841 3.96618 3.96313 4.44339 4.47815 4.65304 5.14239 5.85433 6.72753 6.10313 6.03203 5.85753 6.39939 5.62311 5.39612 5.43561 5.98916 6.8569 7.14569 7.02902 6.40957 5.50442 4.51867 3.63575 2.99 2.43676 1.48317 0.739611 0.708966 0.807224 0.820495 0.815281 0.669102 
0.470234 0.470234 0.470234 0.470234 0.470234 0.470234 0.470234 0.470234 0.470234 0.470234 0.470234 0.470234 0.470234 0.470234 0.470234 0.470234 0.479858 0.460296 0.441583 0.423721 0.40671 0.390549 0.375239 0.36078 0.347171 0.334412 0.322505 0.311447 0.301241 0.291884 0.283379 0.275724 0.268919 0.262965 0.257862 0.253609 0.250207 0.247655 0.245954 0.245103 
0.673581 -4.74762 -0.2 -4.64818 -0.0165391 0.248645 0.684493 -0.1 0 0.463051 -1.66531 4.656 -0.814325 2.68452 -1.11431 -1.853 -1.7267 -2.6035 -2.29179 0.436808 0.512612 0 0 0 
78.2556 1000 0.0003 0.0003 0 0.88 -40 
0.57
0.660873 0.53152 0.428472 0.341084 0.336557 3.02379 5.39681 4.57841 3.96618 3.96313 4.44339 4.47815 4.65304 5.14239 5.85433 6.72753 6.10313 6.03203 5.85753 6.39939 5.62311 5.39612 5.43561 5.98916 6.8569 7.14569 7.02902 6.40957 5.50442 4.51867 3.63575 2.99 2.43676 1.48317 0.739611 0.708966 0.807224 0.820495 0.815281 0.669102 
0.470234 0.470234 0.470234 0.470234 0.470234 0.470234 0.470234 0.470234 0.470234 0.470234 0.470234 0.470234 0.470234 0.470234 0.470234 0.470234 0.479858 0.460296 0.441583 0.423721 0.40671 0.390549 0.375239 0.36078 0.347171 0.334412 0.322505 0.311447 0.301241 0.291884 0.283379 0.275724 0.268919 0.262965 0.257862 0.253609 0.250207 0.247655 0.245954 0.245103 
0.673581 -4.74762 -0.2 -4.64818 -0.0165391 0.248645 0.684493 -0.1 0 0.463051 -1.66531 4.656 -0.814325 2.68452 -1.11431 -1.853 -1.7267 -2.6035 -2.29179 0.436808 0.512612 0 0 0 
77.0143 1000 0.0003 0.0003 0 0.88 -40 
0.58
0.660873 0.53152 0.428472 0.341084 0.336557 3.02379 5.39681 4.57841 3.96618 3.96313 4.44339 4.47815 4.65304 5.14239 5.85433 6.72753 6.10313 6.03203 5.85753 6.39939 5.62311 5.39612 5.43561 5.98916 6.8569 7.14569 7.02902 6.40957 5.50442 4.51867 3.63575 2.99 2.43676 1.48317 0.739611 0.708966 0.807224 0.820495 0.815281 0.669102 
0.470234 0.470234 0.470234 0.470234 0.470234 0.470234 0.470234 0.470234 0.470234 0.470234 0.470234 0.470234 0.470234 0.470234 0.470234 0.470234 0.479858 0.460296 0.441583 0.423721 0.40671 0.390549 0.375239 0.36078 0.347171 0.334412 0.322505 0.311447 0.301241 0.291884 0.283379 0.275724 0.268919 0.262965 0.257862 0.253609 0.250207 0.247655 0.245954 0.245103 
0.673581 -4.74762 -0.2 -4.64818 -0.0165391 0.248645 0.684493 -0.1 0 0.463051 -1.66531 4.656 -0.814325 2.68452 -1.11431 -1.853 -1.7267 -2.6035 -2.29179 0.436808 0.512612 0 0 0 
75.7928 1000 0.0003 0.0003 0 0.88 -40 
0.59
0.660873 0.53152 0.428472 0.341084 0.336557 3.02379 5.39681 4.57841 3.96618 3.96313 4.44339 4.47815 4.65304 5.14239 5.85433 6.72753 6.10313 6.03203 5.85753 6.39939 5.62311 5.39612 5.43561 5.98916 6.8569 7.14569 7.02902 6.40957 5.50442 4.51867 3.63575 2.99 2.43676 1.48317 0.739611 0.708966 0.807224 0.820495 0.815281 0.669102 
0.470234 0.470234 0.470234 0.470234 0.470234 0.470234 0.470234 0.470234 0.470234 0.470234 0.470234 0.470234 0.470234 0.470234 0.470234 0.470234 0.479858 0.460296 0.441583 0.423721 0.40671 0.390549 0.375239 0.36078 0.347171 0.334412 0.322505 0.311447 0.301241 0.291884 0.283379 0.275724 0.268919 0.262965 0.257862 0.253609 0.250207 0.247655 0.245954 0.245103 
0.673581 -4.74762 -0.2 -4.64818 -0.0165391 0.248645 0.684493 -0.1 0 0.463051 -1.66531 4.656 -0.814325 2.68452 -1.11431 -1.853 -1.7267 -2.6035 -2.29179 0.436808 0.512612 0 0 0 
74.5906 899.075 0.0003 0.0003 0 0.88 -40 
0.6
0.660873 0.53152 0.428472 0.341084 0.336557 3.02379 5.39681 4.57841 3.96618 3.96313 4.44339 4.47815 4.65304 5.14239 5.85433 6.72753 6.10313 6.03203 5.85753 6.39939 5.62311 5.39612 5.43561 5.98916 6.8569 7.14569 7.02902 6.40957 5.50442 4.51867 3.63575 2.99 2.43676 1.48317 0.739611 0.708966 0.807224 0.820495 0.815281 0.669102 
0.470234 0.470234 0.470234 0.470234 0.470234 0.470234 0.470234 0.470234 0.470234 0.470234 0.470234 0.470234 0.470234 0.470234 0.470234 0.470234 0.479858 0.460296 0.441583 0.423721 0.40671 0.390549 0.375239 0.36078 0.347171 0.334412 0.322505 0.311447 0.301241 0.291884 0.283379 0.275724 0.268919 0.262965 0.257862 0.253609 0.250207 0.247655 0.245954 0.245103 
0.673581 -4.74762 -0.2 -4.64818 -0.0165391 0.248645 0.684493 -0.1 0 0.463051 -1.66531 4.656 -0.814325 2.68452 -1.11431 -1.853 -1.7267 -2.6035 -2.29179 0.436808 0.512612 0 0 0 
73.4075 508.552 0.0003 0.0003 0 0.88 -40 
0.61
0.660873 0.53152 0.428472 0.341084 0.336557 3.02379 5.39681 4.57841 3.96618 3.96313 4.44339 4.47815 4.65304 5.14239 5.85433 6.72753 6.10313 6.03203 5.85753 6.39939 5.62311 5.39612 5.43561 5.98916 6.8569 7.14569 7.02902 6.40957 5.50442 4.51867 3.63575 2.99 2.43676 1.48317 0.739611 0.708966 0.807224 0.820495 0.815281 0.669102 
0.470234 0.470234 0.470234 0.470234 0.470234 0.470234 0.470234 0.470234 0.470234 0.470234 0.470234 0.470234 0.470234 0.470234 0.470234 0.470234 0.479858 0.460296 0.441583 0.423721 0.40671 0.390549 0.375239 0.36078 0.347171 0.334412 0.322505 0.311447 0.301241 0.291884 0.283379 0.275724 0.268919 0.262965 0.257862 0.253609 0.250207 0.247655 0.245954 0.245103 
0.673581 -4.74762 -0.2 -4.64818 -0.0165391 0.248645 0.684493 -0.1 0 0.463051 -1.66531 4.656 -0.814325 2.68452 -1.11431 -1.853 -1.7267 -2.6035 -2.29179 0.436808 0.512612 0 0 0 
72.2431 203.29 0.0003 0.0003 0 0.88 -40 
0.62
0.660873 0.53152 0.428472 0.341084 0.336557 3.02379 5.39681 4.57841 3.96618 3.96313 4.44339 4.47815 4.65304 5.14239 5.85433 6.72753 6.10313 6.03203 5.85753 6.39939 5.62311 5.39612 5.43561 5.98916 6.8569 7.14569 7.02902 6.40957 5.50442 4.51867 3.63575 2.99 2.43676 1.48317 0.739611 0.708966 0.807224 0.820495 0.815281 0.669102 
0.470234 0.470234 0.470234 0.470234 0.470234 0.470234 0.470234 0.470234 0.470234 0.470234 0.470234 0.470234 0.470234 0.470234 0.470234 0.470234 0.479858 0.460296 0.441583 0.423721 0.40671 0.390549 0.375239 0.36078 0.347171 0.334412 0.322505 0.311447 0.301241 0.291884 0.283379 0.275724 0.268919 0.262965 0.257862 0.253609 0.250207 0.247655 0.245954 0.245103 
0.673581 -4.74762 -0.2 -4.64818 -0.0165391 0.248645 0.684493 -0.1 0 0.463051 -1.66531 4.656 -0.814325 2.68452 -1.11431 -1.853 -1.7267 -2.6035 -2.29179 0.436808 0.512612 0 0 0 
71.0972 65.0706 0.0003 0.0003 0 0.88 -40 
0.63
0.660873 0.53152 0.428472 0.341084 0.336557 3.02379 5.39681 4.57841 3.96618 3.96313 4.44339 4.47815 4.65304 5.14239 5.85433 6.72753 6.10313 6.03203 5.85753 6.39939 5.62311 5.39612 5.43561 5.98916 6.8569 7.14569 7.02902 6.40957 5.50442 4.51867 3.63575 2.99 2.43676 1.48317 0.739611 0.708966 0.807224 0.820495 0.815281 0.669102 
0.470234 0.470234 0.470234 0.470234 0.470234 0.470234 0.470234 0.470234 0.470234 0.470234 0.470234 0.470234 0.470234 0.470234 0.470234 0.470234 0.479858 0.460296 0.441583 0.423721 0.40671 0.390549 0.375239 0.36078 0.347171 0.334412 0.322505 0.311447 0.301241 0.291884 0.283379 0.275724 0.268919 0.262965 0.257862 0.253609 0.250207 0.247655 0.245954 0.245103 
0.673581 -4.74762 -0.2 -4.64818 -0.0165391 0.248645 0.684493 -0.1 0 0.463051 -1.66531 4.656 -0.814325 2.68452 -1.11431 -1.853 -1.7267 -2.6035 -2.29179 0.436808 0.512612 0 0 0 
69.9695 17.9411 0.0003 0.0003 0 0.88 -40 
0.64
0.660873 0.53152 0.428472 0.341084 0.336557 3.02379 5.39681 4.57841 3.96618 3.96313 4.44339 4.47815 4.65304 5.14239 5.85433 6.72753 6.10313 6.03203 5.85753 6.39939 5.62311 5.39612 5.43561 5.98916 6.8569 7.14569 7.02902 6.40957 5.50442 4.51867 3.63575 2.99 2.43676 1.48317 0.739611 0.708966 0.807224 0.820495 0.815281 0.669102 
0.470234 0.470234 0.470234 0.470234 0.470234 0.470234 0.470234 0.470234 0.470234 0.470234 0.470234 0.470234 0.470234 0.470234 0.470234 0.470234 0.479858 0.460296 0.441583 0.423721 0.40671 0.390549 0.375239 0.36078 0.347171 0.334412 0.322505 0.311447 0.301241 0.291884 0.283379 0.275724 0.268919 0.262965 0.257862 0.253609 0.250207 0.247655 0.245954 0.245103 
0.673581 -4.74762 -0.2 -4.64818 -0.0165391 0.248645 0.684493 -0.1 0 0.463051 -1.66531 4.656 -0.814325 2.68452 -1.11431 -1.853 -1.7267 -2.6035 -2.29179 0.436808 0.512612 0 0 0 
68.8597 4.44907 0.0003 0.0003 0 0.88 -40 
0.65
0.660873 0.53152 0.428472 0.341084 0.336557 3.02379 5.39681 4.57841 3.96618 3.96313 4.44339 4.47815 4.65304 5.14239 5.85433 6.72753 6.10313 6.03203 5.85753 6.39939 5.62311 5.39612 5.43561 5.98916 6.8569 7.14569 7.02902 6.40957 5.50442 4.51867 3.63575 2.99 2.43676 1.48317 0.739611 0.708966 0.807224 0.820495 0.815281 0.669102 
0.470234 0.470234 0.470234 0.470234 0.470234 0.470234 0.470234 0.470234 0.470234 0.470234 0.470234 0.470234 0.470234 0.470234 0.470234 0.470234 0.479858 0.460296 0.441583 0.423721 0.40671 0.390549 0.375239 0.36078 0.347171 0.334412 0.322505 0.311447 0.301241 0.291884 0.283379 0.275724 0.268919 0.262965 0.257862 0.253609 0.250207 0.247655 0.245954 0.245103 
0.673581 -4.74762 -0.2 -4.64818 -0.0165391 0.248645 0.684493 -0.1 0 0.463051 -1.66531 4.656 -0.814325 2.68452 -1.11431 -1.853 -1.7267 -2.6035 -2.29179 0.436808 0.512612 0 0 0 
67.7675 1.0196 0.0003 0.0003 0 0.88 -40 
0.66
0.660873 0.53152 0.428472 0.341084 0.336557 3.02379 5.39681 4.57841 3.96618 3.96313 4.44339 4.47815 4.65304 5.14239 5.85433 6.72753 6.10313 6.03203 5.85753 6.39939 5.62311 5.39612 5.43561 5.98916 6.8569 7.14569 7.02902 6.40957 5.50442 4.51867 3.63575 2.99 2.43676 1.48317 0.739611 0.708966 0.807224 0.820495 0.815281 0.669102 
0.470234 0.470234 0.470234 0.470234 0.470234 0.470234 0.470234 0.470234 0.470234 0.470234 0.470234 0.470234 0.470234 0.470234 0.470234 0.470234 0.479858 0.460296 0.441583 0.423721 0.40671 0.390549 0.375239 0.36078 0.347171 0.334412 0.322505 0.311447 0.301241 0.291884 0.283379 0.275724 0.268919 0.262965 0.257862 0.253609 0.250207 0.247655 0.245954 0.245103 
0.673581 -4.74762 -0.2 -4.64818 -0.0165391 0.248645 0.684493 -0.1 0 0.463051 -1.66531 4.656 -0.814325 2.68452 -1.11431 -1.853 -1.7267 -2.6035 -2.29179 0.436808 0.512612 0 0 0 
66.6926 0.219867 0.0003 0.0003 0 0.88 -40 
0.67
0.660873 0.53152 0.428472 0.341084 0.336557 3.02379 5.39681 4.57841 3.96618 3.96313 4.44339 4.47815 4.65304 5.14239 5.85433 6.72753 6.10313 6.03203 5.85753 6.39939 5.62311 5.39612 5.43561 5.98916 6.8569 7.14569 7.02902 6.40957 5.50442 4.51867 3.63575 2.99 2.43676 1.48317 0.739611 0.708966 0.807224 0.820495 0.815281 0.669102 
0.470234 0.470234 0.470234 0.470234 0.470234 0.470234 0.470234 0.470234 0.470234 0.470234 0.470234 0.470234 0.470234 0.470234 0.470234 0.470234 0.479858 0.460296 0.441583 0.423721 0.40671 0.390549 0.375239 0.36078 0.347171 0.334412 0.322505 0.311447 0.301241 0.291884 0.283379 0.275724 0.268919 0.262965 0.257862 0.253609 0.250207 0.247655 0.245954 0.245103 
0.673581 -4.74762 -0.2 -4.64818 -0.0165391 0.248645 0.684493 -0.1 0 0.463051 -1.66531 4.656 -0.814325 2.68452 -1.11431 -1.853 -1.7267 -2.6035 -2.29179 0.436808 0.512612 0 0 0 
65.6348 0.0451746 0.0003 0.0003 0 0.88 -40 
0.68
0.660873 0.53152 0.428472 0.341084 0.336557 3.02379 5.39681 4.57841 3.96618 3.96313 4.44339 4.47815 4.65304 5.14239 5.85433 6.72753 6.10313 6.03203 5.85753 6.39939 5.62311 5.39612 5.43561 5.98916 6.8569 7.14569 7.02902 6.40957 5.50442 4.51867 3.63575 2.99 2.43676 1.48317 0.739611 0.708966 0.807224 0.820495 0.815281 0.669102 
0.470234 0.470234 0.470234 0.470234 0.470234 0.470234 0.470234 0.470234 0.470234 0.470234 0.470234 0.470234 0.470234 0.470234 0.470234 0.470234 0.479858 0.460296 0.441583 0.423721 0.40671 0.390549 0.375239 0.36078 0.347171 0.334412 0.322505 0.311447 0.301241 0.291884 0.283379 0.275724 0.268919 0.262965 0.257862 0.253609 0.250207 0.247655 0.245954 0.245103 
0.673581 -4.74762 -0.2 -4.64818 -0.0165391 0.248645 0.684493 -0.1 0 0.463051 -1.66531 4.656 -0.814325 2.68452 -1.11431 -1.853 -1.7267 -2.6035 -2.29179 0.436808 0.512612 0 0 0 
64.5937 0.00892405 0.0003 0.0003 0 0.88 -40 
