#comment
In the #data section of this text file, there is one chunck of feedback data every 10 ms.
Each chunck contains an area function represented by 40 tube sections.Each chunck containes the following lines:

Time from the beginning of the utterance in seconds
area0 area1 area2 area3 ... (Areas of the tube sections in cm^2 from glottis to mouth)
length0 length1 length2 length3 ... (Lengths of the tube sections in cm from glottis to mouth)
vocal_tract_param_0 vocal_tract_param_1 ...
glottis_param_0 glottis_param_1 ...

#data
0
0.666826 0.544088 0.442218 0.35981 0.340776 1.68556 4.43138 4.05311 2.99228 2.91996 3.22198 3.25309 3.42822 4.14116 5.25695 6.41418 6.10138 6.27516 6.2674 6.37378 5.6751 5.10354 4.95175 5.07594 5.07969 4.8445 4.57672 4.16747 3.73501 3.30125 3.06545 2.79807 2.55645 2.06 1.87815 1.93029 2.43267 2.45951 3.81088 6.40053 
0.441798 0.441798 0.441798 0.441798 0.441798 0.441798 0.441798 0.441798 0.441798 0.441798 0.441798 0.441798 0.441798 0.441798 0.441798 0.441798 0.497654 0.477366 0.45796 0.439436 0.421793 0.405033 0.389156 0.37416 0.360046 0.346814 0.334465 0.322998 0.312412 0.302709 0.293888 0.285949 0.278892 0.272718 0.267425 0.263014 0.259486 0.25684 0.255075 0.254193 
0.53026 -4.30219 -0.2 -4.66538 -0.0204509 2.00821 0.794345 -0.1 0 0.389455 -1.86402 4.3755 -1.09683 3.01714 -0.792136 -1.853 -1.7267 -3.06064 -3.73006 1.33803 0.0758663 0 0 0 
103.826 0 0.0003 0.0003 0 0.88 -40 
0.01
0.666826 0.544088 0.442218 0.35981 0.340776 1.68556 4.43138 4.05311 2.99228 2.91996 3.22198 3.25309 3.42822 4.14116 5.25695 6.41418 6.10138 6.27516 6.2674 6.37378 5.6751 5.10354 4.95175 5.07594 5.07969 4.8445 4.57672 4.16747 3.73501 3.30125 3.06545 2.79807 2.55645 2.06 1.87815 1.93029 2.43267 2.45951 3.81088 6.40053 
0.441798 0.441798 0.441798 0.441798 0.441798 0.441798 0.441798 0.441798 0.441798 0.441798 0.441798 0.441798 0.441798 0.441798 0.441798 0.441798 0.497654 0.477366 0.45796 0.439436 0.421793 0.405033 0.389156 0.37416 0.360046 0.346814 0.334465 0.322998 0.312412 0.302709 0.293888 0.285949 0.278892 0.272718 0.267425 0.263014 0.259486 0.25684 0.255075 0.254193 
0.53026 -4.30219 -0.2 -4.66538 -0.0204509 2.00821 0.794345 -0.1 0 0.389455 -1.86402 4.3755 -1.09683 3.01714 -0.792136 -1.853 -1.7267 -3.06064 -3.73006 1.33803 0.0758663 0 0 0 
103.826 0 0.0003 0.0003 0 0.88 -40 
0.02
0.666826 0.544088 0.442218 0.35981 0.340776 1.68556 4.43138 4.05311 2.99228 2.91996 3.22198 3.25309 3.42822 4.14116 5.25695 6.41418 6.10138 6.27516 6.2674 6.37378 5.6751 5.10354 4.95175 5.07594 5.07969 4.8445 4.57672 4.16747 3.73501 3.30125 3.06545 2.79807 2.55645 2.06 1.87815 1.93029 2.43267 2.45951 3.81088 6.40053 
0.441798 0.441798 0.441798 0.441798 0.441798 0.441798 0.441798 0.441798 0.441798 0.441798 0.441798 0.441798 0.441798 0.441798 0.441798 0.441798 0.497654 0.477366 0.45796 0.439436 0.421793 0.405033 0.389156 0.37416 0.360046 0.346814 0.334465 0.322998 0.312412 0.302709 0.293888 0.285949 0.278892 0.272718 0.267425 0.263014 0.259486 0.25684 0.255075 0.254193 
0.53026 -4.30219 -0.2 -4.66538 -0.0204509 2.00821 0.794345 -0.1 0 0.389455 -1.86402 4.3755 -1.09683 3.01714 -0.792136 -1.853 -1.7267 -3.06064 -3.73006 1.33803 0.0758663 0 0 0 
103.826 0 0.0003 0.0003 0 0.88 -40 
0.03
0.666826 0.544088 0.442218 0.35981 0.340776 1.68556 4.43138 4.05311 2.99228 2.91996 3.22198 3.25309 3.42822 4.14116 5.25695 6.41418 6.10138 6.27516 6.2674 6.37378 5.6751 5.10354 4.95175 5.07594 5.07969 4.8445 4.57672 4.16747 3.73501 3.30125 3.06545 2.79807 2.55645 2.06 1.87815 1.93029 2.43267 2.45951 3.81088 6.40053 
0.441798 0.441798 0.441798 0.441798 0.441798 0.441798 0.441798 0.441798 0.441798 0.441798 0.441798 0.441798 0.441798 0.441798 0.441798 0.441798 0.497654 0.477366 0.45796 0.439436 0.421793 0.405033 0.389156 0.37416 0.360046 0.346814 0.334465 0.322998 0.312412 0.302709 0.293888 0.285949 0.278892 0.272718 0.267425 0.263014 0.259486 0.25684 0.255075 0.254193 
0.53026 -4.30219 -0.2 -4.66538 -0.0204509 2.00821 0.794345 -0.1 0 0.389455 -1.86402 4.3755 -1.09683 3.01714 -0.792136 -1.853 -1.7267 -3.06064 -3.73006 1.33803 0.0758663 0 0 0 
103.826 0 0.0003 0.0003 0 0.88 -40 
0.04
0.666826 0.544088 0.442218 0.35981 0.340776 1.68556 4.43138 4.05311 2.99228 2.91996 3.22198 3.25309 3.42822 4.14116 5.25695 6.41418 6.10138 6.27516 6.2674 6.37378 5.6751 5.10354 4.95175 5.07594 5.07969 4.8445 4.57672 4.16747 3.73501 3.30125 3.06545 2.79807 2.55645 2.06 1.87815 1.93029 2.43267 2.45951 3.81088 6.40053 
0.441798 0.441798 0.441798 0.441798 0.441798 0.441798 0.441798 0.441798 0.441798 0.441798 0.441798 0.441798 0.441798 0.441798 0.441798 0.441798 0.497654 0.477366 0.45796 0.439436 0.421793 0.405033 0.389156 0.37416 0.360046 0.346814 0.334465 0.322998 0.312412 0.302709 0.293888 0.285949 0.278892 0.272718 0.267425 0.263014 0.259486 0.25684 0.255075 0.254193 
0.53026 -4.30219 -0.2 -4.66538 -0.0204509 2.00821 0.794345 -0.1 0 0.389455 -1.86402 4.3755 -1.09683 3.01714 -0.792136 -1.853 -1.7267 -3.06064 -3.73006 1.33803 0.0758663 0 0 0 
103.826 0 0.0003 0.0003 0 0.88 -40 
0.05
0.666826 0.544088 0.442218 0.35981 0.340776 1.68556 4.43138 4.05311 2.99228 2.91996 3.22198 3.25309 3.42822 4.14116 5.25695 6.41418 6.10138 6.27516 6.2674 6.37378 5.6751 5.10354 4.95175 5.07594 5.07969 4.8445 4.57672 4.16747 3.73501 3.30125 3.06545 2.79807 2.55645 2.06 1.87815 1.93029 2.43267 2.45951 3.81088 6.40053 
0.441798 0.441798 0.441798 0.441798 0.441798 0.441798 0.441798 0.441798 0.441798 0.441798 0.441798 0.441798 0.441798 0.441798 0.441798 0.441798 0.497654 0.477366 0.45796 0.439436 0.421793 0.405033 0.389156 0.37416 0.360046 0.346814 0.334465 0.322998 0.312412 0.302709 0.293888 0.285949 0.278892 0.272718 0.267425 0.263014 0.259486 0.25684 0.255075 0.254193 
0.53026 -4.30219 -0.2 -4.66538 -0.0204509 2.00821 0.794345 -0.1 0 0.389455 -1.86402 4.3755 -1.09683 3.01714 -0.792136 -1.853 -1.7267 -3.06064 -3.73006 1.33803 0.0758663 0 0 0 
103.826 0 0.0003 0.0003 0 0.88 -40 
0.06
0.666826 0.544088 0.442218 0.35981 0.340776 1.68556 4.43138 4.05311 2.99228 2.91996 3.22198 3.25309 3.42822 4.14116 5.25695 6.41418 6.10138 6.27516 6.2674 6.37378 5.6751 5.10354 4.95175 5.07594 5.07969 4.8445 4.57672 4.16747 3.73501 3.30125 3.06545 2.79807 2.55645 2.06 1.87815 1.93029 2.43267 2.45951 3.81088 6.40053 
0.441798 0.441798 0.441798 0.441798 0.441798 0.441798 0.441798 0.441798 0.441798 0.441798 0.441798 0.441798 0.441798 0.441798 0.441798 0.441798 0.497654 0.477366 0.45796 0.439436 0.421793 0.405033 0.389156 0.37416 0.360046 0.346814 0.334465 0.322998 0.312412 0.302709 0.293888 0.285949 0.278892 0.272718 0.267425 0.263014 0.259486 0.25684 0.255075 0.254193 
0.53026 -4.30219 -0.2 -4.66538 -0.0204509 2.00821 0.794345 -0.1 0 0.389455 -1.86402 4.3755 -1.09683 3.01714 -0.792136 -1.853 -1.7267 -3.06064 -3.73006 1.33803 0.0758663 0 0 0 
103.826 0 0.0003 0.0003 0 0.88 -40 
0.07
0.666826 0.544088 0.442218 0.35981 0.340776 1.68556 4.43138 4.05311 2.99228 2.91996 3.22198 3.25309 3.42822 4.14116 5.25695 6.41418 6.10138 6.27516 6.2674 6.37378 5.6751 5.10354 4.95175 5.07594 5.07969 4.8445 4.57672 4.16747 3.73501 3.30125 3.06545 2.79807 2.55645 2.06 1.87815 1.93029 2.43267 2.45951 3.81088 6.40053 
0.441798 0.441798 0.441798 0.441798 0.441798 0.441798 0.441798 0.441798 0.441798 0.441798 0.441798 0.441798 0.441798 0.441798 0.441798 0.441798 0.497654 0.477366 0.45796 0.439436 0.421793 0.405033 0.389156 0.37416 0.360046 0.346814 0.334465 0.322998 0.312412 0.302709 0.293888 0.285949 0.278892 0.272718 0.267425 0.263014 0.259486 0.25684 0.255075 0.254193 
0.53026 -4.30219 -0.2 -4.66538 -0.0204509 2.00821 0.794345 -0.1 0 0.389455 -1.86402 4.3755 -1.09683 3.01714 -0.792136 -1.853 -1.7267 -3.06064 -3.73006 1.33803 0.0758663 0 0 0 
103.826 286.567 0.0003 0.0003 0 0.88 -40 
0.08
0.666826 0.544088 0.442218 0.35981 0.340776 1.68556 4.43138 4.05311 2.99228 2.91996 3.22198 3.25309 3.42822 4.14116 5.25695 6.41418 6.10138 6.27516 6.2674 6.37378 5.6751 5.10354 4.95175 5.07594 5.07969 4.8445 4.57672 4.16747 3.73501 3.30125 3.06545 2.79807 2.55645 2.06 1.87815 1.93029 2.43267 2.45951 3.81088 6.40053 
0.441798 0.441798 0.441798 0.441798 0.441798 0.441798 0.441798 0.441798 0.441798 0.441798 0.441798 0.441798 0.441798 0.441798 0.441798 0.441798 0.497654 0.477366 0.45796 0.439436 0.421793 0.405033 0.389156 0.37416 0.360046 0.346814 0.334465 0.322998 0.312412 0.302709 0.293888 0.285949 0.278892 0.272718 0.267425 0.263014 0.259486 0.25684 0.255075 0.254193 
0.53026 -4.30219 -0.2 -4.66538 -0.0204509 2.00821 0.794345 -0.1 0 0.389455 -1.86402 4.3755 -1.09683 3.01714 -0.792136 -1.853 -1.7267 -3.06064 -3.73006 1.33803 0.0758663 0 0 0 
103.826 667.315 0.0003 0.0003 0 0.88 -40 
0.09
0.666826 0.544088 0.442218 0.35981 0.340776 1.68556 4.43138 4.05311 2.99228 2.91996 3.22198 3.25309 3.42822 4.14116 5.25695 6.41418 6.10138 6.27516 6.2674 6.37378 5.6751 5.10354 4.95175 5.07594 5.07969 4.8445 4.57672 4.16747 3.73501 3.30125 3.06545 2.79807 2.55645 2.06 1.87815 1.93029 2.43267 2.45951 3.81088 6.40053 
0.441798 0.441798 0.441798 0.441798 0.441798 0.441798 0.441798 0.441798 0.441798 0.441798 0.441798 0.441798 0.441798 0.441798 0.441798 0.441798 0.497654 0.477366 0.45796 0.439436 0.421793 0.405033 0.389156 0.37416 0.360046 0.346814 0.334465 0.322998 0.312412 0.302709 0.293888 0.285949 0.278892 0.272718 0.267425 0.263014 0.259486 0.25684 0.255075 0.254193 
0.53026 -4.30219 -0.2 -4.66538 -0.0204509 2.00821 0.794345 -0.1 0 0.389455 -1.86402 4.3755 -1.09683 3.01714 -0.792136 -1.853 -1.7267 -3.06064 -3.73006 1.33803 0.0758663 0 0 0 
103.909 882.394 0.0003 0.0003 0 0.88 -40 
0.1
0.666826 0.544088 0.442218 0.35981 0.340776 1.68556 4.43138 4.05311 2.99228 2.91996 3.22198 3.25309 3.42822 4.14116 5.25695 6.41418 6.10138 6.27516 6.2674 6.37378 5.6751 5.10354 4.95175 5.07594 5.07969 4.8445 4.57672 4.16747 3.73501 3.30125 3.06545 2.79807 2.55645 2.06 1.87815 1.93029 2.43267 2.45951 3.81088 6.40053 
0.441798 0.441798 0.441798 0.441798 0.441798 0.441798 0.441798 0.441798 0.441798 0.441798 0.441798 0.441798 0.441798 0.441798 0.441798 0.441798 0.497654 0.477366 0.45796 0.439436 0.421793 0.405033 0.389156 0.37416 0.360046 0.346814 0.334465 0.322998 0.312412 0.302709 0.293888 0.285949 0.278892 0.272718 0.267425 0.263014 0.259486 0.25684 0.255075 0.254193 
0.53026 -4.30219 -0.2 -4.66538 -0.0204509 2.00821 0.794345 -0.1 0 0.389455 -1.86402 4.3755 -1.09683 3.01714 -0.792136 -1.853 -1.7267 -3.06064 -3.73006 1.33803 0.0758663 0 0 0 
104.207 965.3 0.0003 0.0003 0 0.88 -40 
0.11
0.666826 0.544088 0.442218 0.35981 0.340776 1.68556 4.43138 4.05311 2.99228 2.91996 3.22198 3.25309 3.42822 4.14116 5.25695 6.41418 6.10138 6.27516 6.2674 6.37378 5.6751 5.10354 4.95175 5.07594 5.07969 4.8445 4.57672 4.16747 3.73501 3.30125 3.06545 2.79807 2.55645 2.06 1.87815 1.93029 2.43267 2.45951 3.81088 6.40053 
0.441798 0.441798 0.441798 0.441798 0.441798 0.441798 0.441798 0.441798 0.441798 0.441798 0.441798 0.441798 0.441798 0.441798 0.441798 0.441798 0.497654 0.477366 0.45796 0.439436 0.421793 0.405033 0.389156 0.37416 0.360046 0.346814 0.334465 0.322998 0.312412 0.302709 0.293888 0.285949 0.278892 0.272718 0.267425 0.263014 0.259486 0.25684 0.255075 0.254193 
0.53026 -4.30219 -0.2 -4.66538 -0.0204509 2.00821 0.794345 -0.1 0 0.389455 -1.86402 4.3755 -1.09683 3.01714 -0.792136 -1.853 -1.7267 -3.06064 -3.73006 1.33803 0.0758663 0 0 0 
104.713 990.964 0.0003 0.0003 0 0.88 -40 
0.12
0.666826 0.544088 0.442218 0.35981 0.340776 1.68556 4.43138 4.05311 2.99228 2.91996 3.22198 3.25309 3.42822 4.14116 5.25695 6.41418 6.10138 6.27516 6.2674 6.37378 5.6751 5.10354 4.95175 5.07594 5.07969 4.8445 4.57672 4.16747 3.73501 3.30125 3.06545 2.79807 2.55645 2.06 1.87815 1.93029 2.43267 2.45951 3.81088 6.40053 
0.441798 0.441798 0.441798 0.441798 0.441798 0.441798 0.441798 0.441798 0.441798 0.441798 0.441798 0.441798 0.441798 0.441798 0.441798 0.441798 0.497654 0.477366 0.45796 0.439436 0.421793 0.405033 0.389156 0.37416 0.360046 0.346814 0.334465 0.322998 0.312412 0.302709 0.293888 0.285949 0.278892 0.272718 0.267425 0.263014 0.259486 0.25684 0.255075 0.254193 
0.53026 -4.30219 -0.2 -4.66538 -0.0204509 2.00821 0.794345 -0.1 0 0.389455 -1.86402 4.3755 -1.09683 3.01714 -0.792136 -1.853 -1.7267 -3.06064 -3.73006 1.33803 0.0758663 0 0 0 
105.339 997.852 0.0003 0.0003 0 0.88 -40 
0.13
0.666826 0.544088 0.442218 0.35981 0.340776 1.68556 4.43138 4.05311 2.99228 2.91996 3.22198 3.25309 3.42822 4.14116 5.25695 6.41418 6.10138 6.27516 6.2674 6.37378 5.6751 5.10354 4.95175 5.07594 5.07969 4.8445 4.57672 4.16747 3.73501 3.30125 3.06545 2.79807 2.55645 2.06 1.87815 1.93029 2.43267 2.45951 3.81088 6.40053 
0.441798 0.441798 0.441798 0.441798 0.441798 0.441798 0.441798 0.441798 0.441798 0.441798 0.441798 0.441798 0.441798 0.441798 0.441798 0.441798 0.497654 0.477366 0.45796 0.439436 0.421793 0.405033 0.389156 0.37416 0.360046 0.346814 0.334465 0.322998 0.312412 0.302709 0.293888 0.285949 0.278892 0.272718 0.267425 0.263014 0.259486 0.25684 0.255075 0.254193 
0.53026 -4.30219 -0.2 -4.66538 -0.0204509 2.00821 0.794345 -0.1 0 0.389455 -1.86402 4.3755 -1.09683 3.01714 -0.792136 -1.853 -1.7267 -3.06064 -3.73006 1.33803 0.0758663 0 0 0 
106.004 999.523 0.0003 0.0003 0 0.88 -40 
0.14
0.666826 0.544088 0.442218 0.35981 0.340776 1.68556 4.43138 4.05311 2.99228 2.91996 3.22198 3.25309 3.42822 4.14116 5.25695 6.41418 6.10138 6.27516 6.2674 6.37378 5.6751 5.10354 4.95175 5.07594 5.07969 4.8445 4.57672 4.16747 3.73501 3.30125 3.06545 2.79807 2.55645 2.06 1.87815 1.93029 2.43267 2.45951 3.81088 6.40053 
0.441798 0.441798 0.441798 0.441798 0.441798 0.441798 0.441798 0.441798 0.441798 0.441798 0.441798 0.441798 0.441798 0.441798 0.441798 0.441798 0.497654 0.477366 0.45796 0.439436 0.421793 0.405033 0.389156 0.37416 0.360046 0.346814 0.334465 0.322998 0.312412 0.302709 0.293888 0.285949 0.278892 0.272718 0.267425 0.263014 0.259486 0.25684 0.255075 0.254193 
0.53026 -4.30219 -0.2 -4.66538 -0.0204509 2.00821 0.794345 -0.1 0 0.389455 -1.86402 4.3755 -1.09683 3.01714 -0.792136 -1.853 -1.7267 -3.06064 -3.73006 1.33803 0.0758663 0 0 0 
106.665 999.9 0.0003 0.0003 0 0.88 -40 
0.15
0.666826 0.544088 0.442218 0.35981 0.340776 1.68556 4.43138 4.05311 2.99228 2.91996 3.22198 3.25309 3.42822 4.14116 5.25695 6.41418 6.10138 6.27516 6.2674 6.37378 5.6751 5.10354 4.95175 5.07594 5.07969 4.8445 4.57672 4.16747 3.73501 3.30125 3.06545 2.79807 2.55645 2.06 1.87815 1.93029 2.43267 2.45951 3.81088 6.40053 
0.441798 0.441798 0.441798 0.441798 0.441798 0.441798 0.441798 0.441798 0.441798 0.441798 0.441798 0.441798 0.441798 0.441798 0.441798 0.441798 0.497654 0.477366 0.45796 0.439436 0.421793 0.405033 0.389156 0.37416 0.360046 0.346814 0.334465 0.322998 0.312412 0.302709 0.293888 0.285949 0.278892 0.272718 0.267425 0.263014 0.259486 0.25684 0.255075 0.254193 
0.53026 -4.30219 -0.2 -4.66538 -0.0204509 2.00821 0.794345 -0.1 0 0.389455 -1.86402 4.3755 -1.09683 3.01714 -0.792136 -1.853 -1.7267 -3.06064 -3.73006 1.33803 0.0758663 0 0 0 
107.306 999.98 0.0003 0.0003 0 0.88 -40 
0.16
0.666826 0.544088 0.442218 0.35981 0.340776 1.68556 4.43138 4.05311 2.99228 2.91996 3.22198 3.25309 3.42822 4.14116 5.25695 6.41418 6.10138 6.27516 6.2674 6.37378 5.6751 5.10354 4.95175 5.07594 5.07969 4.8445 4.57672 4.16747 3.73501 3.30125 3.06545 2.79807 2.55645 2.06 1.87815 1.93029 2.43267 2.45951 3.81088 6.40053 
0.441798 0.441798 0.441798 0.441798 0.441798 0.441798 0.441798 0.441798 0.441798 0.441798 0.441798 0.441798 0.441798 0.441798 0.441798 0.441798 0.497654 0.477366 0.45796 0.439436 0.421793 0.405033 0.389156 0.37416 0.360046 0.346814 0.334465 0.322998 0.312412 0.302709 0.293888 0.285949 0.278892 0.272718 0.267425 0.263014 0.259486 0.25684 0.255075 0.254193 
0.53026 -4.30219 -0.2 -4.66538 -0.0204509 2.00821 0.794345 -0.1 0 0.389455 -1.86402 4.3755 -1.09683 3.01714 -0.792136 -1.853 -1.7267 -3.06064 -3.73006 1.33803 0.0758663 0 0 0 
107.927 999.996 0.0003 0.0003 0 0.88 -40 
0.17
0.666826 0.544088 0.442218 0.35981 0.340776 1.68556 4.43138 4.05311 2.99228 2.91996 3.22198 3.25309 3.42822 4.14116 5.25695 6.41418 6.10138 6.27516 6.2674 6.37378 5.6751 5.10354 4.95175 5.07594 5.07969 4.8445 4.57672 4.16747 3.73501 3.30125 3.06545 2.79807 2.55645 2.06 1.87815 1.93029 2.43267 2.45951 3.81088 6.40053 
0.441798 0.441798 0.441798 0.441798 0.441798 0.441798 0.441798 0.441798 0.441798 0.441798 0.441798 0.441798 0.441798 0.441798 0.441798 0.441798 0.497654 0.477366 0.45796 0.439436 0.421793 0.405033 0.389156 0.37416 0.360046 0.346814 0.334465 0.322998 0.312412 0.302709 0.293888 0.285949 0.278892 0.272718 0.267425 0.263014 0.259486 0.25684 0.255075 0.254193 
0.53026 -4.30219 -0.2 -4.66538 -0.0204509 2.00821 0.794345 -0.1 0 0.389455 -1.86402 4.3755 -1.09683 3.01714 -0.792136 -1.853 -1.7267 -3.06064 -3.73006 1.33803 0.0758663 0 0 0 
108.534 999.999 0.0003 0.0003 0 0.88 -40 
0.18
0.666826 0.544088 0.442218 0.35981 0.340776 1.68556 4.43138 4.05311 2.99228 2.91996 3.22198 3.25309 3.42822 4.14116 5.25695 6.41418 6.10138 6.27516 6.2674 6.37378 5.6751 5.10354 4.95175 5.07594 5.07969 4.8445 4.57672 4.16747 3.73501 3.30125 3.06545 2.79807 2.55645 2.06 1.87815 1.93029 2.43267 2.45951 3.81088 6.40053 
0.441798 0.441798 0.441798 0.441798 0.441798 0.441798 0.441798 0.441798 0.441798 0.441798 0.441798 0.441798 0.441798 0.441798 0.441798 0.441798 0.497654 0.477366 0.45796 0.439436 0.421793 0.405033 0.389156 0.37416 0.360046 0.346814 0.334465 0.322998 0.312412 0.302709 0.293888 0.285949 0.278892 0.272718 0.267425 0.263014 0.259486 0.25684 0.255075 0.254193 
0.53026 -4.30219 -0.2 -4.66538 -0.0204509 2.00821 0.794345 -0.1 0 0.389455 -1.86402 4.3755 -1.09683 3.01714 -0.792136 -1.853 -1.7267 -3.06064 -3.73006 1.33803 0.0758663 0 0 0 
109.133 1000 0.0003 0.0003 0 0.88 -40 
0.19
0.666826 0.544088 0.442218 0.35981 0.340776 1.68556 4.43138 4.05311 2.99228 2.91996 3.22198 3.25309 3.42822 4.14116 5.25695 6.41418 6.10138 6.27516 6.2674 6.37378 5.6751 5.10354 4.95175 5.07594 5.07969 4.8445 4.57672 4.16747 3.73501 3.30125 3.06545 2.79807 2.55645 2.06 1.87815 1.93029 2.43267 2.45951 3.81088 6.40053 
0.441798 0.441798 0.441798 0.441798 0.441798 0.441798 0.441798 0.441798 0.441798 0.441798 0.441798 0.441798 0.441798 0.441798 0.441798 0.441798 0.497654 0.477366 0.45796 0.439436 0.421793 0.405033 0.389156 0.37416 0.360046 0.346814 0.334465 0.322998 0.312412 0.302709 0.293888 0.285949 0.278892 0.272718 0.267425 0.263014 0.259486 0.25684 0.255075 0.254193 
0.53026 -4.30219 -0.2 -4.66538 -0.0204509 2.00821 0.794345 -0.1 0 0.389455 -1.86402 4.3755 -1.09683 3.01714 -0.792136 -1.853 -1.7267 -3.06064 -3.73006 1.33803 0.0758663 0 0 0 
109.728 1000 0.0003 0.0003 0 0.88 -40 
0.2
0.666826 0.544088 0.442218 0.35981 0.340776 1.68556 4.43138 4.05311 2.99228 2.91996 3.22198 3.25309 3.42822 4.14116 5.25695 6.41418 6.10138 6.27516 6.2674 6.37378 5.6751 5.10354 4.95175 5.07594 5.07969 4.8445 4.57672 4.16747 3.73501 3.30125 3.06545 2.79807 2.55645 2.06 1.87815 1.93029 2.43267 2.45951 3.81088 6.40053 
0.441798 0.441798 0.441798 0.441798 0.441798 0.441798 0.441798 0.441798 0.441798 0.441798 0.441798 0.441798 0.441798 0.441798 0.441798 0.441798 0.497654 0.477366 0.45796 0.439436 0.421793 0.405033 0.389156 0.37416 0.360046 0.346814 0.334465 0.322998 0.312412 0.302709 0.293888 0.285949 0.278892 0.272718 0.267425 0.263014 0.259486 0.25684 0.255075 0.254193 
0.53026 -4.30219 -0.2 -4.66538 -0.0204509 2.00821 0.794345 -0.1 0 0.389455 -1.86402 4.3755 -1.09683 3.01714 -0.792136 -1.853 -1.7267 -3.06064 -3.73006 1.33803 0.0758663 0 0 0 
110.322 1000 0.0003 0.0003 0 0.88 -40 
0.21
0.666826 0.544088 0.442218 0.35981 0.340776 1.68556 4.43138 4.05311 2.99228 2.91996 3.22198 3.25309 3.42822 4.14116 5.25695 6.41418 6.10138 6.27516 6.2674 6.37378 5.6751 5.10354 4.95175 5.07594 5.07969 4.8445 4.57672 4.16747 3.73501 3.30125 3.06545 2.79807 2.55645 2.06 1.87815 1.93029 2.43267 2.45951 3.81088 6.40053 
0.441798 0.441798 0.441798 0.441798 0.441798 0.441798 0.441798 0.441798 0.441798 0.441798 0.441798 0.441798 0.441798 0.441798 0.441798 0.441798 0.497654 0.477366 0.45796 0.439436 0.421793 0.405033 0.389156 0.37416 0.360046 0.346814 0.334465 0.322998 0.312412 0.302709 0.293888 0.285949 0.278892 0.272718 0.267425 0.263014 0.259486 0.25684 0.255075 0.254193 
0.53026 -4.30219 -0.2 -4.66538 -0.0204509 2.00821 0.794345 -0.1 0 0.389455 -1.86402 4.3755 -1.09683 3.01714 -0.792136 -1.853 -1.7267 -3.06064 -3.73006 1.33803 0.0758663 0 0 0 
110.917 1000 0.0003 0.0003 0 0.88 -40 
0.22
0.666826 0.544088 0.442218 0.35981 0.340776 1.68556 4.43138 4.05311 2.99228 2.91996 3.22198 3.25309 3.42822 4.14116 5.25695 6.41418 6.10138 6.27516 6.2674 6.37378 5.6751 5.10354 4.95175 5.07594 5.07969 4.8445 4.57672 4.16747 3.73501 3.30125 3.06545 2.79807 2.55645 2.06 1.87815 1.93029 2.43267 2.45951 3.81088 6.40053 
0.441798 0.441798 0.441798 0.441798 0.441798 0.441798 0.441798 0.441798 0.441798 0.441798 0.441798 0.441798 0.441798 0.441798 0.441798 0.441798 0.497654 0.477366 0.45796 0.439436 0.421793 0.405033 0.389156 0.37416 0.360046 0.346814 0.334465 0.322998 0.312412 0.302709 0.293888 0.285949 0.278892 0.272718 0.267425 0.263014 0.259486 0.25684 0.255075 0.254193 
0.53026 -4.30219 -0.2 -4.66538 -0.0204509 2.00821 0.794345 -0.1 0 0.389455 -1.86402 4.3755 -1.09683 3.01714 -0.792136 -1.853 -1.7267 -3.06064 -3.73006 1.33803 0.0758663 0 0 0 
111.514 1000 0.0003 0.0003 0 0.88 -40 
0.23
0.666826 0.544088 0.442218 0.35981 0.340776 1.68556 4.43138 4.05311 2.99228 2.91996 3.22198 3.25309 3.42822 4.14116 5.25695 6.41418 6.10138 6.27516 6.2674 6.37378 5.6751 5.10354 4.95175 5.07594 5.07969 4.8445 4.57672 4.16747 3.73501 3.30125 3.06545 2.79807 2.55645 2.06 1.87815 1.93029 2.43267 2.45951 3.81088 6.40053 
0.441798 0.441798 0.441798 0.441798 0.441798 0.441798 0.441798 0.441798 0.441798 0.441798 0.441798 0.441798 0.441798 0.441798 0.441798 0.441798 0.497654 0.477366 0.45796 0.439436 0.421793 0.405033 0.389156 0.37416 0.360046 0.346814 0.334465 0.322998 0.312412 0.302709 0.293888 0.285949 0.278892 0.272718 0.267425 0.263014 0.259486 0.25684 0.255075 0.254193 
0.53026 -4.30219 -0.2 -4.66538 -0.0204509 2.00821 0.794345 -0.1 0 0.389455 -1.86402 4.3755 -1.09683 3.01714 -0.792136 -1.853 -1.7267 -3.06064 -3.73006 1.33803 0.0758663 0 0 0 
112.114 1000 0.0003 0.0003 0 0.88 -40 
0.24
0.666826 0.544088 0.442218 0.35981 0.340776 1.68556 4.43138 4.05311 2.99228 2.91996 3.22198 3.25309 3.42822 4.14116 5.25695 6.41418 6.10138 6.27516 6.2674 6.37378 5.6751 5.10354 4.95175 5.07594 5.07969 4.8445 4.57672 4.16747 3.73501 3.30125 3.06545 2.79807 2.55645 2.06 1.87815 1.93029 2.43267 2.45951 3.81088 6.40053 
0.441798 0.441798 0.441798 0.441798 0.441798 0.441798 0.441798 0.441798 0.441798 0.441798 0.441798 0.441798 0.441798 0.441798 0.441798 0.441798 0.497654 0.477366 0.45796 0.439436 0.421793 0.405033 0.389156 0.37416 0.360046 0.346814 0.334465 0.322998 0.312412 0.302709 0.293888 0.285949 0.278892 0.272718 0.267425 0.263014 0.259486 0.25684 0.255075 0.254193 
0.53026 -4.30219 -0.2 -4.66538 -0.0204509 2.00821 0.794345 -0.1 0 0.389455 -1.86402 4.3755 -1.09683 3.01714 -0.792136 -1.853 -1.7267 -3.06064 -3.73006 1.33803 0.0758663 0 0 0 
112.717 1000 0.0003 0.0003 0 0.88 -40 
0.25
0.666826 0.544088 0.442218 0.35981 0.340776 1.68556 4.43138 4.05311 2.99228 2.91996 3.22198 3.25309 3.42822 4.14116 5.25695 6.41418 6.10138 6.27516 6.2674 6.37378 5.6751 5.10354 4.95175 5.07594 5.07969 4.8445 4.57672 4.16747 3.73501 3.30125 3.06545 2.79807 2.55645 2.06 1.87815 1.93029 2.43267 2.45951 3.81088 6.40053 
0.441798 0.441798 0.441798 0.441798 0.441798 0.441798 0.441798 0.441798 0.441798 0.441798 0.441798 0.441798 0.441798 0.441798 0.441798 0.441798 0.497654 0.477366 0.45796 0.439436 0.421793 0.405033 0.389156 0.37416 0.360046 0.346814 0.334465 0.322998 0.312412 0.302709 0.293888 0.285949 0.278892 0.272718 0.267425 0.263014 0.259486 0.25684 0.255075 0.254193 
0.53026 -4.30219 -0.2 -4.66538 -0.0204509 2.00821 0.794345 -0.1 0 0.389455 -1.86402 4.3755 -1.09683 3.01714 -0.792136 -1.853 -1.7267 -3.06064 -3.73006 1.33803 0.0758663 0 0 0 
113.323 1000 0.0003 0.0003 0 0.88 -40 
0.26
0.666826 0.544088 0.442218 0.35981 0.340776 1.68556 4.43138 4.05311 2.99228 2.91996 3.22198 3.25309 3.42822 4.14116 5.25695 6.41418 6.10138 6.27516 6.2674 6.37378 5.6751 5.10354 4.95175 5.07594 5.07969 4.8445 4.57672 4.16747 3.73501 3.30125 3.06545 2.79807 2.55645 2.06 1.87815 1.93029 2.43267 2.45951 3.81088 6.40053 
0.441798 0.441798 0.441798 0.441798 0.441798 0.441798 0.441798 0.441798 0.441798 0.441798 0.441798 0.441798 0.441798 0.441798 0.441798 0.441798 0.497654 0.477366 0.45796 0.439436 0.421793 0.405033 0.389156 0.37416 0.360046 0.346814 0.334465 0.322998 0.312412 0.302709 0.293888 0.285949 0.278892 0.272718 0.267425 0.263014 0.259486 0.25684 0.255075 0.254193 
0.53026 -4.30219 -0.2 -4.66538 -0.0204509 2.00821 0.794345 -0.1 0 0.389455 -1.86402 4.3755 -1.09683 3.01714 -0.792136 -1.853 -1.7267 -3.06064 -3.73006 1.33803 0.0758663 0 0 0 
113.932 1000 0.0003 0.0003 0 0.88 -40 
0.27
0.666826 0.544088 0.442218 0.35981 0.340776 1.68556 4.43138 4.05311 2.99228 2.91996 3.22198 3.25309 3.42822 4.14116 5.25695 6.41418 6.10138 6.27516 6.2674 6.37378 5.6751 5.10354 4.95175 5.07594 5.07969 4.8445 4.57672 4.16747 3.73501 3.30125 3.06545 2.79807 2.55645 2.06 1.87815 1.93029 2.43267 2.45951 3.81088 6.40053 
0.441798 0.441798 0.441798 0.441798 0.441798 0.441798 0.441798 0.441798 0.441798 0.441798 0.441798 0.441798 0.441798 0.441798 0.441798 0.441798 0.497654 0.477366 0.45796 0.439436 0.421793 0.405033 0.389156 0.37416 0.360046 0.346814 0.334465 0.322998 0.312412 0.302709 0.293888 0.285949 0.278892 0.272718 0.267425 0.263014 0.259486 0.25684 0.255075 0.254193 
0.53026 -4.30219 -0.2 -4.66538 -0.0204509 2.00821 0.794345 -0.1 0 0.389455 -1.86402 4.3755 -1.09683 3.01714 -0.792136 -1.853 -1.7267 -3.06064 -3.73006 1.33803 0.0758663 0 0 0 
114.979 1000 0.0003 0.0003 0 0.88 -40 
0.28
0.666826 0.544088 0.442218 0.35981 0.340776 1.68556 4.43138 4.05311 2.99228 2.91996 3.22198 3.25309 3.42822 4.14116 5.25695 6.41418 6.10138 6.27516 6.2674 6.37378 5.6751 5.10354 4.95175 5.07594 5.07969 4.8445 4.57672 4.16747 3.73501 3.30125 3.06545 2.79807 2.55645 2.06 1.87815 1.93029 2.43267 2.45951 3.81088 6.40053 
0.441798 0.441798 0.441798 0.441798 0.441798 0.441798 0.441798 0.441798 0.441798 0.441798 0.441798 0.441798 0.441798 0.441798 0.441798 0.441798 0.497654 0.477366 0.45796 0.439436 0.421793 0.405033 0.389156 0.37416 0.360046 0.346814 0.334465 0.322998 0.312412 0.302709 0.293888 0.285949 0.278892 0.272718 0.267425 0.263014 0.259486 0.25684 0.255075 0.254193 
0.53026 -4.30219 -0.2 -4.66538 -0.0204509 2.00821 0.794345 -0.1 0 0.389455 -1.86402 4.3755 -1.09683 3.01714 -0.792136 -1.853 -1.7267 -3.06064 -3.73006 1.33803 0.0758663 0 0 0 
116.153 1000 0.0003 0.0003 0 0.88 -40 
0.29
0.666826 0.544088 0.442218 0.35981 0.340776 1.68556 4.43138 4.05311 2.99228 2.91996 3.22198 3.25309 3.42822 4.14116 5.25695 6.41418 6.10138 6.27516 6.2674 6.37378 5.6751 5.10354 4.95175 5.07594 5.07969 4.8445 4.57672 4.16747 3.73501 3.30125 3.06545 2.79807 2.55645 2.06 1.87815 1.93029 2.43267 2.45951 3.81088 6.40053 
0.441798 0.441798 0.441798 0.441798 0.441798 0.441798 0.441798 0.441798 0.441798 0.441798 0.441798 0.441798 0.441798 0.441798 0.441798 0.441798 0.497654 0.477366 0.45796 0.439436 0.421793 0.405033 0.389156 0.37416 0.360046 0.346814 0.334465 0.322998 0.312412 0.302709 0.293888 0.285949 0.278892 0.272718 0.267425 0.263014 0.259486 0.25684 0.255075 0.254193 
0.53026 -4.30219 -0.2 -4.66538 -0.0204509 2.00821 0.794345 -0.1 0 0.389455 -1.86402 4.3755 -1.09683 3.01714 -0.792136 -1.853 -1.7267 -3.06064 -3.73006 1.33803 0.0758663 0 0 0 
116.808 1000 0.0003 0.0003 0 0.88 -40 
0.3
0.666826 0.544088 0.442218 0.35981 0.340776 1.68556 4.43138 4.05311 2.99228 2.91996 3.22198 3.25309 3.42822 4.14116 5.25695 6.41418 6.10138 6.27516 6.2674 6.37378 5.6751 5.10354 4.95175 5.07594 5.07969 4.8445 4.57672 4.16747 3.73501 3.30125 3.06545 2.79807 2.55645 2.06 1.87815 1.93029 2.43267 2.45951 3.81088 6.40053 
0.441798 0.441798 0.441798 0.441798 0.441798 0.441798 0.441798 0.441798 0.441798 0.441798 0.441798 0.441798 0.441798 0.441798 0.441798 0.441798 0.497654 0.477366 0.45796 0.439436 0.421793 0.405033 0.389156 0.37416 0.360046 0.346814 0.334465 0.322998 0.312412 0.302709 0.293888 0.285949 0.278892 0.272718 0.267425 0.263014 0.259486 0.25684 0.255075 0.254193 
0.53026 -4.30219 -0.2 -4.66538 -0.0204509 2.00821 0.794345 -0.1 0 0.389455 -1.86402 4.3755 -1.09683 3.01714 -0.792136 -1.853 -1.7267 -3.06064 -3.73006 1.33803 0.0758663 0 0 0 
116.642 1000 0.0003 0.0003 0 0.88 -40 
0.31
0.666826 0.544088 0.442218 0.35981 0.340776 1.68556 4.43138 4.05311 2.99228 2.91996 3.22198 3.25309 3.42822 4.14116 5.25695 6.41418 6.10138 6.27516 6.2674 6.37378 5.6751 5.10354 4.95175 5.07594 5.07969 4.8445 4.57672 4.16747 3.73501 3.30125 3.06545 2.79807 2.55645 2.06 1.87815 1.93029 2.43267 2.45951 3.81088 6.40053 
0.441798 0.441798 0.441798 0.441798 0.441798 0.441798 0.441798 0.441798 0.441798 0.441798 0.441798 0.441798 0.441798 0.441798 0.441798 0.441798 0.497654 0.477366 0.45796 0.439436 0.421793 0.405033 0.389156 0.37416 0.360046 0.346814 0.334465 0.322998 0.312412 0.302709 0.293888 0.285949 0.278892 0.272718 0.267425 0.263014 0.259486 0.25684 0.255075 0.254193 
0.53026 -4.30219 -0.2 -4.66538 -0.0204509 2.00821 0.794345 -0.1 0 0.389455 -1.86402 4.3755 -1.09683 3.01714 -0.792136 -1.853 -1.7267 -3.06064 -3.73006 1.33803 0.0758663 0 0 0 
115.767 1000 0.0003 0.0003 0 0.88 -40 
0.32
0.666826 0.544088 0.442218 0.35981 0.340776 1.68556 4.43138 4.05311 2.99228 2.91996 3.22198 3.25309 3.42822 4.14116 5.25695 6.41418 6.10138 6.27516 6.2674 6.37378 5.6751 5.10354 4.95175 5.07594 5.07969 4.8445 4.57672 4.16747 3.73501 3.30125 3.06545 2.79807 2.55645 2.06 1.87815 1.93029 2.43267 2.45951 3.81088 6.40053 
0.441798 0.441798 0.441798 0.441798 0.441798 0.441798 0.441798 0.441798 0.441798 0.441798 0.441798 0.441798 0.441798 0.441798 0.441798 0.441798 0.497654 0.477366 0.45796 0.439436 0.421793 0.405033 0.389156 0.37416 0.360046 0.346814 0.334465 0.322998 0.312412 0.302709 0.293888 0.285949 0.278892 0.272718 0.267425 0.263014 0.259486 0.25684 0.255075 0.254193 
0.53026 -4.30219 -0.2 -4.66538 -0.0204509 2.00821 0.794345 -0.1 0 0.389455 -1.86402 4.3755 -1.09683 3.01714 -0.792136 -1.853 -1.7267 -3.06064 -3.73006 1.33803 0.0758663 0 0 0 
114.432 1000 0.0003 0.0003 0 0.88 -40 
0.33
0.666826 0.544088 0.442218 0.35981 0.340776 1.68556 4.43138 4.05311 2.99228 2.91996 3.22198 3.25309 3.42822 4.14116 5.25695 6.41418 6.10138 6.27516 6.2674 6.37378 5.6751 5.10354 4.95175 5.07594 5.07969 4.8445 4.57672 4.16747 3.73501 3.30125 3.06545 2.79807 2.55645 2.06 1.87815 1.93029 2.43267 2.45951 3.81088 6.40053 
0.441798 0.441798 0.441798 0.441798 0.441798 0.441798 0.441798 0.441798 0.441798 0.441798 0.441798 0.441798 0.441798 0.441798 0.441798 0.441798 0.497654 0.477366 0.45796 0.439436 0.421793 0.405033 0.389156 0.37416 0.360046 0.346814 0.334465 0.322998 0.312412 0.302709 0.293888 0.285949 0.278892 0.272718 0.267425 0.263014 0.259486 0.25684 0.255075 0.254193 
0.53026 -4.30219 -0.2 -4.66538 -0.0204509 2.00821 0.794345 -0.1 0 0.389455 -1.86402 4.3755 -1.09683 3.01714 -0.792136 -1.853 -1.7267 -3.06064 -3.73006 1.33803 0.0758663 0 0 0 
112.854 1000 0.0003 0.0003 0 0.88 -40 
0.34
0.666826 0.544088 0.442218 0.35981 0.340776 1.68556 4.43138 4.05311 2.99228 2.91996 3.22198 3.25309 3.42822 4.14116 5.25695 6.41418 6.10138 6.27516 6.2674 6.37378 5.6751 5.10354 4.95175 5.07594 5.07969 4.8445 4.57672 4.16747 3.73501 3.30125 3.06545 2.79807 2.55645 2.06 1.87815 1.93029 2.43267 2.45951 3.81088 6.40053 
0.441798 0.441798 0.441798 0.441798 0.441798 0.441798 0.441798 0.441798 0.441798 0.441798 0.441798 0.441798 0.441798 0.441798 0.441798 0.441798 0.497654 0.477366 0.45796 0.439436 0.421793 0.405033 0.389156 0.37416 0.360046 0.346814 0.334465 0.322998 0.312412 0.302709 0.293888 0.285949 0.278892 0.272718 0.267425 0.263014 0.259486 0.25684 0.255075 0.254193 
0.53026 -4.30219 -0.2 -4.66538 -0.0204509 2.00821 0.794345 -0.1 0 0.389455 -1.86402 4.3755 -1.09683 3.01714 -0.792136 -1.853 -1.7267 -3.06064 -3.73006 1.33803 0.0758663 0 0 0 
111.169 1000 0.0003 0.0003 0 0.88 -40 
0.35
0.666826 0.544088 0.442218 0.35981 0.340776 1.68556 4.43138 4.05311 2.99228 2.91996 3.22198 3.25309 3.42822 4.14116 5.25695 6.41418 6.10138 6.27516 6.2674 6.37378 5.6751 5.10354 4.95175 5.07594 5.07969 4.8445 4.57672 4.16747 3.73501 3.30125 3.06545 2.79807 2.55645 2.06 1.87815 1.93029 2.43267 2.45951 3.81088 6.40053 
0.441798 0.441798 0.441798 0.441798 0.441798 0.441798 0.441798 0.441798 0.441798 0.441798 0.441798 0.441798 0.441798 0.441798 0.441798 0.441798 0.497654 0.477366 0.45796 0.439436 0.421793 0.405033 0.389156 0.37416 0.360046 0.346814 0.334465 0.322998 0.312412 0.302709 0.293888 0.285949 0.278892 0.272718 0.267425 0.263014 0.259486 0.25684 0.255075 0.254193 
0.53026 -4.30219 -0.2 -4.66538 -0.0204509 2.00821 0.794345 -0.1 0 0.389455 -1.86402 4.3755 -1.09683 3.01714 -0.792136 -1.853 -1.7267 -3.06064 -3.73006 1.33803 0.0758663 0 0 0 
109.45 1000 0.0003 0.0003 0 0.88 -40 
0.36
0.666826 0.544088 0.442218 0.35981 0.340776 1.68556 4.43138 4.05311 2.99228 2.91996 3.22198 3.25309 3.42822 4.14116 5.25695 6.41418 6.10138 6.27516 6.2674 6.37378 5.6751 5.10354 4.95175 5.07594 5.07969 4.8445 4.57672 4.16747 3.73501 3.30125 3.06545 2.79807 2.55645 2.06 1.87815 1.93029 2.43267 2.45951 3.81088 6.40053 
0.441798 0.441798 0.441798 0.441798 0.441798 0.441798 0.441798 0.441798 0.441798 0.441798 0.441798 0.441798 0.441798 0.441798 0.441798 0.441798 0.497654 0.477366 0.45796 0.439436 0.421793 0.405033 0.389156 0.37416 0.360046 0.346814 0.334465 0.322998 0.312412 0.302709 0.293888 0.285949 0.278892 0.272718 0.267425 0.263014 0.259486 0.25684 0.255075 0.254193 
0.53026 -4.30219 -0.2 -4.66538 -0.0204509 2.00821 0.794345 -0.1 0 0.389455 -1.86402 4.3755 -1.09683 3.01714 -0.792136 -1.853 -1.7267 -3.06064 -3.73006 1.33803 0.0758663 0 0 0 
107.732 1000 0.0003 0.0003 0 0.88 -40 
0.37
0.666826 0.544088 0.442218 0.35981 0.340776 1.68556 4.43138 4.05311 2.99228 2.91996 3.22198 3.25309 3.42822 4.14116 5.25695 6.41418 6.10138 6.27516 6.2674 6.37378 5.6751 5.10354 4.95175 5.07594 5.07969 4.8445 4.57672 4.16747 3.73501 3.30125 3.06545 2.79807 2.55645 2.06 1.87815 1.93029 2.43267 2.45951 3.81088 6.40053 
0.441798 0.441798 0.441798 0.441798 0.441798 0.441798 0.441798 0.441798 0.441798 0.441798 0.441798 0.441798 0.441798 0.441798 0.441798 0.441798 0.497654 0.477366 0.45796 0.439436 0.421793 0.405033 0.389156 0.37416 0.360046 0.346814 0.334465 0.322998 0.312412 0.302709 0.293888 0.285949 0.278892 0.272718 0.267425 0.263014 0.259486 0.25684 0.255075 0.254193 
0.53026 -4.30219 -0.2 -4.66538 -0.0204509 2.00821 0.794345 -0.1 0 0.389455 -1.86402 4.3755 -1.09683 3.01714 -0.792136 -1.853 -1.7267 -3.06064 -3.73006 1.33803 0.0758663 0 0 0 
106.03 1000 0.0003 0.0003 0 0.88 -40 
0.38
0.666826 0.544088 0.442218 0.35981 0.340776 1.68556 4.43138 4.05311 2.99228 2.91996 3.22198 3.25309 3.42822 4.14116 5.25695 6.41418 6.10138 6.27516 6.2674 6.37378 5.6751 5.10354 4.95175 5.07594 5.07969 4.8445 4.57672 4.16747 3.73501 3.30125 3.06545 2.79807 2.55645 2.06 1.87815 1.93029 2.43267 2.45951 3.81088 6.40053 
0.441798 0.441798 0.441798 0.441798 0.441798 0.441798 0.441798 0.441798 0.441798 0.441798 0.441798 0.441798 0.441798 0.441798 0.441798 0.441798 0.497654 0.477366 0.45796 0.439436 0.421793 0.405033 0.389156 0.37416 0.360046 0.346814 0.334465 0.322998 0.312412 0.302709 0.293888 0.285949 0.278892 0.272718 0.267425 0.263014 0.259486 0.25684 0.255075 0.254193 
0.53026 -4.30219 -0.2 -4.66538 -0.0204509 2.00821 0.794345 -0.1 0 0.389455 -1.86402 4.3755 -1.09683 3.01714 -0.792136 -1.853 -1.7267 -3.06064 -3.73006 1.33803 0.0758663 0 0 0 
104.351 1000 0.0003 0.0003 0 0.88 -40 
0.39
0.666826 0.544088 0.442218 0.35981 0.340776 1.68556 4.43138 4.05311 2.99228 2.91996 3.22198 3.25309 3.42822 4.14116 5.25695 6.41418 6.10138 6.27516 6.2674 6.37378 5.6751 5.10354 4.95175 5.07594 5.07969 4.8445 4.57672 4.16747 3.73501 3.30125 3.06545 2.79807 2.55645 2.06 1.87815 1.93029 2.43267 2.45951 3.81088 6.40053 
0.441798 0.441798 0.441798 0.441798 0.441798 0.441798 0.441798 0.441798 0.441798 0.441798 0.441798 0.441798 0.441798 0.441798 0.441798 0.441798 0.497654 0.477366 0.45796 0.439436 0.421793 0.405033 0.389156 0.37416 0.360046 0.346814 0.334465 0.322998 0.312412 0.302709 0.293888 0.285949 0.278892 0.272718 0.267425 0.263014 0.259486 0.25684 0.255075 0.254193 
0.53026 -4.30219 -0.2 -4.66538 -0.0204509 2.00821 0.794345 -0.1 0 0.389455 -1.86402 4.3755 -1.09683 3.01714 -0.792136 -1.853 -1.7267 -3.06064 -3.73006 1.33803 0.0758663 0 0 0 
102.697 1000 0.0003 0.0003 0 0.88 -40 
0.4
0.666826 0.544088 0.442218 0.35981 0.340776 1.68556 4.43138 4.05311 2.99228 2.91996 3.22198 3.25309 3.42822 4.14116 5.25695 6.41418 6.10138 6.27516 6.2674 6.37378 5.6751 5.10354 4.95175 5.07594 5.07969 4.8445 4.57672 4.16747 3.73501 3.30125 3.06545 2.79807 2.55645 2.06 1.87815 1.93029 2.43267 2.45951 3.81088 6.40053 
0.441798 0.441798 0.441798 0.441798 0.441798 0.441798 0.441798 0.441798 0.441798 0.441798 0.441798 0.441798 0.441798 0.441798 0.441798 0.441798 0.497654 0.477366 0.45796 0.439436 0.421793 0.405033 0.389156 0.37416 0.360046 0.346814 0.334465 0.322998 0.312412 0.302709 0.293888 0.285949 0.278892 0.272718 0.267425 0.263014 0.259486 0.25684 0.255075 0.254193 
0.53026 -4.30219 -0.2 -4.66538 -0.0204509 2.00821 0.794345 -0.1 0 0.389455 -1.86402 4.3755 -1.09683 3.01714 -0.792136 -1.853 -1.7267 -3.06064 -3.73006 1.33803 0.0758663 0 0 0 
101.068 1000 0.0003 0.0003 0 0.88 -40 
0.41
0.666826 0.544088 0.442218 0.35981 0.340776 1.68556 4.43138 4.05311 2.99228 2.91996 3.22198 3.25309 3.42822 4.14116 5.25695 6.41418 6.10138 6.27516 6.2674 6.37378 5.6751 5.10354 4.95175 5.07594 5.07969 4.8445 4.57672 4.16747 3.73501 3.30125 3.06545 2.79807 2.55645 2.06 1.87815 1.93029 2.43267 2.45951 3.81088 6.40053 
0.441798 0.441798 0.441798 0.441798 0.441798 0.441798 0.441798 0.441798 0.441798 0.441798 0.441798 0.441798 0.441798 0.441798 0.441798 0.441798 0.497654 0.477366 0.45796 0.439436 0.421793 0.405033 0.389156 0.37416 0.360046 0.346814 0.334465 0.322998 0.312412 0.302709 0.293888 0.285949 0.278892 0.272718 0.267425 0.263014 0.259486 0.25684 0.255075 0.254193 
0.53026 -4.30219 -0.2 -4.66538 -0.0204509 2.00821 0.794345 -0.1 0 0.389455 -1.86402 4.3755 -1.09683 3.01714 -0.792136 -1.853 -1.7267 -3.06064 -3.73006 1.33803 0.0758663 0 0 0 
99.4653 1000 0.0003 0.0003 0 0.88 -40 
0.42
0.666826 0.544088 0.442218 0.35981 0.340776 1.68556 4.43138 4.05311 2.99228 2.91996 3.22198 3.25309 3.42822 4.14116 5.25695 6.41418 6.10138 6.27516 6.2674 6.37378 5.6751 5.10354 4.95175 5.07594 5.07969 4.8445 4.57672 4.16747 3.73501 3.30125 3.06545 2.79807 2.55645 2.06 1.87815 1.93029 2.43267 2.45951 3.81088 6.40053 
0.441798 0.441798 0.441798 0.441798 0.441798 0.441798 0.441798 0.441798 0.441798 0.441798 0.441798 0.441798 0.441798 0.441798 0.441798 0.441798 0.497654 0.477366 0.45796 0.439436 0.421793 0.405033 0.389156 0.37416 0.360046 0.346814 0.334465 0.322998 0.312412 0.302709 0.293888 0.285949 0.278892 0.272718 0.267425 0.263014 0.259486 0.25684 0.255075 0.254193 
0.53026 -4.30219 -0.2 -4.66538 -0.0204509 2.00821 0.794345 -0.1 0 0.389455 -1.86402 4.3755 -1.09683 3.01714 -0.792136 -1.853 -1.7267 -3.06064 -3.73006 1.33803 0.0758663 0 0 0 
97.8876 1000 0.0003 0.0003 0 0.88 -40 
0.43
0.666826 0.544088 0.442218 0.35981 0.340776 1.68556 4.43138 4.05311 2.99228 2.91996 3.22198 3.25309 3.42822 4.14116 5.25695 6.41418 6.10138 6.27516 6.2674 6.37378 5.6751 5.10354 4.95175 5.07594 5.07969 4.8445 4.57672 4.16747 3.73501 3.30125 3.06545 2.79807 2.55645 2.06 1.87815 1.93029 2.43267 2.45951 3.81088 6.40053 
0.441798 0.441798 0.441798 0.441798 0.441798 0.441798 0.441798 0.441798 0.441798 0.441798 0.441798 0.441798 0.441798 0.441798 0.441798 0.441798 0.497654 0.477366 0.45796 0.439436 0.421793 0.405033 0.389156 0.37416 0.360046 0.346814 0.334465 0.322998 0.312412 0.302709 0.293888 0.285949 0.278892 0.272718 0.267425 0.263014 0.259486 0.25684 0.255075 0.254193 
0.53026 -4.30219 -0.2 -4.66538 -0.0204509 2.00821 0.794345 -0.1 0 0.389455 -1.86402 4.3755 -1.09683 3.01714 -0.792136 -1.853 -1.7267 -3.06064 -3.73006 1.33803 0.0758663 0 0 0 
96.335 1000 0.0003 0.0003 0 0.88 -40 
0.44
0.666826 0.544088 0.442218 0.35981 0.340776 1.68556 4.43138 4.05311 2.99228 2.91996 3.22198 3.25309 3.42822 4.14116 5.25695 6.41418 6.10138 6.27516 6.2674 6.37378 5.6751 5.10354 4.95175 5.07594 5.07969 4.8445 4.57672 4.16747 3.73501 3.30125 3.06545 2.79807 2.55645 2.06 1.87815 1.93029 2.43267 2.45951 3.81088 6.40053 
0.441798 0.441798 0.441798 0.441798 0.441798 0.441798 0.441798 0.441798 0.441798 0.441798 0.441798 0.441798 0.441798 0.441798 0.441798 0.441798 0.497654 0.477366 0.45796 0.439436 0.421793 0.405033 0.389156 0.37416 0.360046 0.346814 0.334465 0.322998 0.312412 0.302709 0.293888 0.285949 0.278892 0.272718 0.267425 0.263014 0.259486 0.25684 0.255075 0.254193 
0.53026 -4.30219 -0.2 -4.66538 -0.0204509 2.00821 0.794345 -0.1 0 0.389455 -1.86402 4.3755 -1.09683 3.01714 -0.792136 -1.853 -1.7267 -3.06064 -3.73006 1.33803 0.0758663 0 0 0 
94.807 1000 0.0003 0.0003 0 0.88 -40 
0.45
0.666826 0.544088 0.442218 0.35981 0.340776 1.68556 4.43138 4.05311 2.99228 2.91996 3.22198 3.25309 3.42822 4.14116 5.25695 6.41418 6.10138 6.27516 6.2674 6.37378 5.6751 5.10354 4.95175 5.07594 5.07969 4.8445 4.57672 4.16747 3.73501 3.30125 3.06545 2.79807 2.55645 2.06 1.87815 1.93029 2.43267 2.45951 3.81088 6.40053 
0.441798 0.441798 0.441798 0.441798 0.441798 0.441798 0.441798 0.441798 0.441798 0.441798 0.441798 0.441798 0.441798 0.441798 0.441798 0.441798 0.497654 0.477366 0.45796 0.439436 0.421793 0.405033 0.389156 0.37416 0.360046 0.346814 0.334465 0.322998 0.312412 0.302709 0.293888 0.285949 0.278892 0.272718 0.267425 0.263014 0.259486 0.25684 0.255075 0.254193 
0.53026 -4.30219 -0.2 -4.66538 -0.0204509 2.00821 0.794345 -0.1 0 0.389455 -1.86402 4.3755 -1.09683 3.01714 -0.792136 -1.853 -1.7267 -3.06064 -3.73006 1.33803 0.0758663 0 0 0 
93.3032 1000 0.0003 0.0003 0 0.88 -40 
0.46
0.666826 0.544088 0.442218 0.35981 0.340776 1.68556 4.43138 4.05311 2.99228 2.91996 3.22198 3.25309 3.42822 4.14116 5.25695 6.41418 6.10138 6.27516 6.2674 6.37378 5.6751 5.10354 4.95175 5.07594 5.07969 4.8445 4.57672 4.16747 3.73501 3.30125 3.06545 2.79807 2.55645 2.06 1.87815 1.93029 2.43267 2.45951 3.81088 6.40053 
0.441798 0.441798 0.441798 0.441798 0.441798 0.441798 0.441798 0.441798 0.441798 0.441798 0.441798 0.441798 0.441798 0.441798 0.441798 0.441798 0.497654 0.477366 0.45796 0.439436 0.421793 0.405033 0.389156 0.37416 0.360046 0.346814 0.334465 0.322998 0.312412 0.302709 0.293888 0.285949 0.278892 0.272718 0.267425 0.263014 0.259486 0.25684 0.255075 0.254193 
0.53026 -4.30219 -0.2 -4.66538 -0.0204509 2.00821 0.794345 -0.1 0 0.389455 -1.86402 4.3755 -1.09683 3.01714 -0.792136 -1.853 -1.7267 -3.06064 -3.73006 1.33803 0.0758663 0 0 0 
91.8233 1000 0.0003 0.0003 0 0.88 -40 
0.47
0.666826 0.544088 0.442218 0.35981 0.340776 1.68556 4.43138 4.05311 2.99228 2.91996 3.22198 3.25309 3.42822 4.14116 5.25695 6.41418 6.10138 6.27516 6.2674 6.37378 5.6751 5.10354 4.95175 5.07594 5.07969 4.8445 4.57672 4.16747 3.73501 3.30125 3.06545 2.79807 2.55645 2.06 1.87815 1.93029 2.43267 2.45951 3.81088 6.40053 
0.441798 0.441798 0.441798 0.441798 0.441798 0.441798 0.441798 0.441798 0.441798 0.441798 0.441798 0.441798 0.441798 0.441798 0.441798 0.441798 0.497654 0.477366 0.45796 0.439436 0.421793 0.405033 0.389156 0.37416 0.360046 0.346814 0.334465 0.322998 0.312412 0.302709 0.293888 0.285949 0.278892 0.272718 0.267425 0.263014 0.259486 0.25684 0.255075 0.254193 
0.53026 -4.30219 -0.2 -4.66538 -0.0204509 2.00821 0.794345 -0.1 0 0.389455 -1.86402 4.3755 -1.09683 3.01714 -0.792136 -1.853 -1.7267 -3.06064 -3.73006 1.33803 0.0758663 0 0 0 
90.3669 1000 0.0003 0.0003 0 0.88 -40 
0.48
0.666826 0.544088 0.442218 0.35981 0.340776 1.68556 4.43138 4.05311 2.99228 2.91996 3.22198 3.25309 3.42822 4.14116 5.25695 6.41418 6.10138 6.27516 6.2674 6.37378 5.6751 5.10354 4.95175 5.07594 5.07969 4.8445 4.57672 4.16747 3.73501 3.30125 3.06545 2.79807 2.55645 2.06 1.87815 1.93029 2.43267 2.45951 3.81088 6.40053 
0.441798 0.441798 0.441798 0.441798 0.441798 0.441798 0.441798 0.441798 0.441798 0.441798 0.441798 0.441798 0.441798 0.441798 0.441798 0.441798 0.497654 0.477366 0.45796 0.439436 0.421793 0.405033 0.389156 0.37416 0.360046 0.346814 0.334465 0.322998 0.312412 0.302709 0.293888 0.285949 0.278892 0.272718 0.267425 0.263014 0.259486 0.25684 0.255075 0.254193 
0.53026 -4.30219 -0.2 -4.66538 -0.0204509 2.00821 0.794345 -0.1 0 0.389455 -1.86402 4.3755 -1.09683 3.01714 -0.792136 -1.853 -1.7267 -3.06064 -3.73006 1.33803 0.0758663 0 0 0 
88.9335 1000 0.0003 0.0003 0 0.88 -40 
0.49
0.666826 0.544088 0.442218 0.35981 0.340776 1.68556 4.43138 4.05311 2.99228 2.91996 3.22198 3.25309 3.42822 4.14116 5.25695 6.41418 6.10138 6.27516 6.2674 6.37378 5.6751 5.10354 4.95175 5.07594 5.07969 4.8445 4.57672 4.16747 3.73501 3.30125 3.06545 2.79807 2.55645 2.06 1.87815 1.93029 2.43267 2.45951 3.81088 6.40053 
0.441798 0.441798 0.441798 0.441798 0.441798 0.441798 0.441798 0.441798 0.441798 0.441798 0.441798 0.441798 0.441798 0.441798 0.441798 0.441798 0.497654 0.477366 0.45796 0.439436 0.421793 0.405033 0.389156 0.37416 0.360046 0.346814 0.334465 0.322998 0.312412 0.302709 0.293888 0.285949 0.278892 0.272718 0.267425 0.263014 0.259486 0.25684 0.255075 0.254193 
0.53026 -4.30219 -0.2 -4.66538 -0.0204509 2.00821 0.794345 -0.1 0 0.389455 -1.86402 4.3755 -1.09683 3.01714 -0.792136 -1.853 -1.7267 -3.06064 -3.73006 1.33803 0.0758663 0 0 0 
87.5229 1000 0.0003 0.0003 0 0.88 -40 
0.5
0.666826 0.544088 0.442218 0.35981 0.340776 1.68556 4.43138 4.05311 2.99228 2.91996 3.22198 3.25309 3.42822 4.14116 5.25695 6.41418 6.10138 6.27516 6.2674 6.37378 5.6751 5.10354 4.95175 5.07594 5.07969 4.8445 4.57672 4.16747 3.73501 3.30125 3.06545 2.79807 2.55645 2.06 1.87815 1.93029 2.43267 2.45951 3.81088 6.40053 
0.441798 0.441798 0.441798 0.441798 0.441798 0.441798 0.441798 0.441798 0.441798 0.441798 0.441798 0.441798 0.441798 0.441798 0.441798 0.441798 0.497654 0.477366 0.45796 0.439436 0.421793 0.405033 0.389156 0.37416 0.360046 0.346814 0.334465 0.322998 0.312412 0.302709 0.293888 0.285949 0.278892 0.272718 0.267425 0.263014 0.259486 0.25684 0.255075 0.254193 
0.53026 -4.30219 -0.2 -4.66538 -0.0204509 2.00821 0.794345 -0.1 0 0.389455 -1.86402 4.3755 -1.09683 3.01714 -0.792136 -1.853 -1.7267 -3.06064 -3.73006 1.33803 0.0758663 0 0 0 
86.1346 1000 0.0003 0.0003 0 0.88 -40 
0.51
0.666826 0.544088 0.442218 0.35981 0.340776 1.68556 4.43138 4.05311 2.99228 2.91996 3.22198 3.25309 3.42822 4.14116 5.25695 6.41418 6.10138 6.27516 6.2674 6.37378 5.6751 5.10354 4.95175 5.07594 5.07969 4.8445 4.57672 4.16747 3.73501 3.30125 3.06545 2.79807 2.55645 2.06 1.87815 1.93029 2.43267 2.45951 3.81088 6.40053 
0.441798 0.441798 0.441798 0.441798 0.441798 0.441798 0.441798 0.441798 0.441798 0.441798 0.441798 0.441798 0.441798 0.441798 0.441798 0.441798 0.497654 0.477366 0.45796 0.439436 0.421793 0.405033 0.389156 0.37416 0.360046 0.346814 0.334465 0.322998 0.312412 0.302709 0.293888 0.285949 0.278892 0.272718 0.267425 0.263014 0.259486 0.25684 0.255075 0.254193 
0.53026 -4.30219 -0.2 -4.66538 -0.0204509 2.00821 0.794345 -0.1 0 0.389455 -1.86402 4.3755 -1.09683 3.01714 -0.792136 -1.853 -1.7267 -3.06064 -3.73006 1.33803 0.0758663 0 0 0 
84.7684 1000 0.0003 0.0003 0 0.88 -40 
0.52
0.666826 0.544088 0.442218 0.35981 0.340776 1.68556 4.43138 4.05311 2.99228 2.91996 3.22198 3.25309 3.42822 4.14116 5.25695 6.41418 6.10138 6.27516 6.2674 6.37378 5.6751 5.10354 4.95175 5.07594 5.07969 4.8445 4.57672 4.16747 3.73501 3.30125 3.06545 2.79807 2.55645 2.06 1.87815 1.93029 2.43267 2.45951 3.81088 6.40053 
0.441798 0.441798 0.441798 0.441798 0.441798 0.441798 0.441798 0.441798 0.441798 0.441798 0.441798 0.441798 0.441798 0.441798 0.441798 0.441798 0.497654 0.477366 0.45796 0.439436 0.421793 0.405033 0.389156 0.37416 0.360046 0.346814 0.334465 0.322998 0.312412 0.302709 0.293888 0.285949 0.278892 0.272718 0.267425 0.263014 0.259486 0.25684 0.255075 0.254193 
0.53026 -4.30219 -0.2 -4.66538 -0.0204509 2.00821 0.794345 -0.1 0 0.389455 -1.86402 4.3755 -1.09683 3.01714 -0.792136 -1.853 -1.7267 -3.06064 -3.73006 1.33803 0.0758663 0 0 0 
83.4239 1000 0.0003 0.0003 0 0.88 -40 
0.53
0.666826 0.544088 0.442218 0.35981 0.340776 1.68556 4.43138 4.05311 2.99228 2.91996 3.22198 3.25309 3.42822 4.14116 5.25695 6.41418 6.10138 6.27516 6.2674 6.37378 5.6751 5.10354 4.95175 5.07594 5.07969 4.8445 4.57672 4.16747 3.73501 3.30125 3.06545 2.79807 2.55645 2.06 1.87815 1.93029 2.43267 2.45951 3.81088 6.40053 
0.441798 0.441798 0.441798 0.441798 0.441798 0.441798 0.441798 0.441798 0.441798 0.441798 0.441798 0.441798 0.441798 0.441798 0.441798 0.441798 0.497654 0.477366 0.45796 0.439436 0.421793 0.405033 0.389156 0.37416 0.360046 0.346814 0.334465 0.322998 0.312412 0.302709 0.293888 0.285949 0.278892 0.272718 0.267425 0.263014 0.259486 0.25684 0.255075 0.254193 
0.53026 -4.30219 -0.2 -4.66538 -0.0204509 2.00821 0.794345 -0.1 0 0.389455 -1.86402 4.3755 -1.09683 3.01714 -0.792136 -1.853 -1.7267 -3.06064 -3.73006 1.33803 0.0758663 0 0 0 
82.1007 1000 0.0003 0.0003 0 0.88 -40 
0.54
0.666826 0.544088 0.442218 0.35981 0.340776 1.68556 4.43138 4.05311 2.99228 2.91996 3.22198 3.25309 3.42822 4.14116 5.25695 6.41418 6.10138 6.27516 6.2674 6.37378 5.6751 5.10354 4.95175 5.07594 5.07969 4.8445 4.57672 4.16747 3.73501 3.30125 3.06545 2.79807 2.55645 2.06 1.87815 1.93029 2.43267 2.45951 3.81088 6.40053 
0.441798 0.441798 0.441798 0.441798 0.441798 0.441798 0.441798 0.441798 0.441798 0.441798 0.441798 0.441798 0.441798 0.441798 0.441798 0.441798 0.497654 0.477366 0.45796 0.439436 0.421793 0.405033 0.389156 0.37416 0.360046 0.346814 0.334465 0.322998 0.312412 0.302709 0.293888 0.285949 0.278892 0.272718 0.267425 0.263014 0.259486 0.25684 0.255075 0.254193 
0.53026 -4.30219 -0.2 -4.66538 -0.0204509 2.00821 0.794345 -0.1 0 0.389455 -1.86402 4.3755 -1.09683 3.01714 -0.792136 -1.853 -1.7267 -3.06064 -3.73006 1.33803 0.0758663 0 0 0 
80.7984 1000 0.0003 0.0003 0 0.88 -40 
0.55
0.666826 0.544088 0.442218 0.35981 0.340776 1.68556 4.43138 4.05311 2.99228 2.91996 3.22198 3.25309 3.42822 4.14116 5.25695 6.41418 6.10138 6.27516 6.2674 6.37378 5.6751 5.10354 4.95175 5.07594 5.07969 4.8445 4.57672 4.16747 3.73501 3.30125 3.06545 2.79807 2.55645 2.06 1.87815 1.93029 2.43267 2.45951 3.81088 6.40053 
0.441798 0.441798 0.441798 0.441798 0.441798 0.441798 0.441798 0.441798 0.441798 0.441798 0.441798 0.441798 0.441798 0.441798 0.441798 0.441798 0.497654 0.477366 0.45796 0.439436 0.421793 0.405033 0.389156 0.37416 0.360046 0.346814 0.334465 0.322998 0.312412 0.302709 0.293888 0.285949 0.278892 0.272718 0.267425 0.263014 0.259486 0.25684 0.255075 0.254193 
0.53026 -4.30219 -0.2 -4.66538 -0.0204509 2.00821 0.794345 -0.1 0 0.389455 -1.86402 4.3755 -1.09683 3.01714 -0.792136 -1.853 -1.7267 -3.06064 -3.73006 1.33803 0.0758663 0 0 0 
79.5168 1000 0.0003 0.0003 0 0.88 -40 
0.56
0.666826 0.544088 0.442218 0.35981 0.340776 1.68556 4.43138 4.05311 2.99228 2.91996 3.22198 3.25309 3.42822 4.14116 5.25695 6.41418 6.10138 6.27516 6.2674 6.37378 5.6751 5.10354 4.95175 5.07594 5.07969 4.8445 4.57672 4.16747 3.73501 3.30125 3.06545 2.79807 2.55645 2.06 1.87815 1.93029 2.43267 2.45951 3.81088 6.40053 
0.441798 0.441798 0.441798 0.441798 0.441798 0.441798 0.441798 0.441798 0.441798 0.441798 0.441798 0.441798 0.441798 0.441798 0.441798 0.441798 0.497654 0.477366 0.45796 0.439436 0.421793 0.405033 0.389156 0.37416 0.360046 0.346814 0.334465 0.322998 0.312412 0.302709 0.293888 0.285949 0.278892 0.272718 0.267425 0.263014 0.259486 0.25684 0.255075 0.254193 
0.53026 -4.30219 -0.2 -4.66538 -0.0204509 2.00821 0.794345 -0.1 0 0.389455 -1.86402 4.3755 -1.09683 3.01714 -0.792136 -1.853 -1.7267 -3.06064 -3.73006 1.33803 0.0758663 0 0 0 
78.2556 1000 0.0003 0.0003 0 0.88 -40 
0.57
0.666826 0.544088 0.442218 0.35981 0.340776 1.68556 4.43138 4.05311 2.99228 2.91996 3.22198 3.25309 3.42822 4.14116 5.25695 6.41418 6.10138 6.27516 6.2674 6.37378 5.6751 5.10354 4.95175 5.07594 5.07969 4.8445 4.57672 4.16747 3.73501 3.30125 3.06545 2.79807 2.55645 2.06 1.87815 1.93029 2.43267 2.45951 3.81088 6.40053 
0.441798 0.441798 0.441798 0.441798 0.441798 0.441798 0.441798 0.441798 0.441798 0.441798 0.441798 0.441798 0.441798 0.441798 0.441798 0.441798 0.497654 0.477366 0.45796 0.439436 0.421793 0.405033 0.389156 0.37416 0.360046 0.346814 0.334465 0.322998 0.312412 0.302709 0.293888 0.285949 0.278892 0.272718 0.267425 0.263014 0.259486 0.25684 0.255075 0.254193 
0.53026 -4.30219 -0.2 -4.66538 -0.0204509 2.00821 0.794345 -0.1 0 0.389455 -1.86402 4.3755 -1.09683 3.01714 -0.792136 -1.853 -1.7267 -3.06064 -3.73006 1.33803 0.0758663 0 0 0 
77.0143 1000 0.0003 0.0003 0 0.88 -40 
0.58
0.666826 0.544088 0.442218 0.35981 0.340776 1.68556 4.43138 4.05311 2.99228 2.91996 3.22198 3.25309 3.42822 4.14116 5.25695 6.41418 6.10138 6.27516 6.2674 6.37378 5.6751 5.10354 4.95175 5.07594 5.07969 4.8445 4.57672 4.16747 3.73501 3.30125 3.06545 2.79807 2.55645 2.06 1.87815 1.93029 2.43267 2.45951 3.81088 6.40053 
0.441798 0.441798 0.441798 0.441798 0.441798 0.441798 0.441798 0.441798 0.441798 0.441798 0.441798 0.441798 0.441798 0.441798 0.441798 0.441798 0.497654 0.477366 0.45796 0.439436 0.421793 0.405033 0.389156 0.37416 0.360046 0.346814 0.334465 0.322998 0.312412 0.302709 0.293888 0.285949 0.278892 0.272718 0.267425 0.263014 0.259486 0.25684 0.255075 0.254193 
0.53026 -4.30219 -0.2 -4.66538 -0.0204509 2.00821 0.794345 -0.1 0 0.389455 -1.86402 4.3755 -1.09683 3.01714 -0.792136 -1.853 -1.7267 -3.06064 -3.73006 1.33803 0.0758663 0 0 0 
75.7928 1000 0.0003 0.0003 0 0.88 -40 
0.59
0.666826 0.544088 0.442218 0.35981 0.340776 1.68556 4.43138 4.05311 2.99228 2.91996 3.22198 3.25309 3.42822 4.14116 5.25695 6.41418 6.10138 6.27516 6.2674 6.37378 5.6751 5.10354 4.95175 5.07594 5.07969 4.8445 4.57672 4.16747 3.73501 3.30125 3.06545 2.79807 2.55645 2.06 1.87815 1.93029 2.43267 2.45951 3.81088 6.40053 
0.441798 0.441798 0.441798 0.441798 0.441798 0.441798 0.441798 0.441798 0.441798 0.441798 0.441798 0.441798 0.441798 0.441798 0.441798 0.441798 0.497654 0.477366 0.45796 0.439436 0.421793 0.405033 0.389156 0.37416 0.360046 0.346814 0.334465 0.322998 0.312412 0.302709 0.293888 0.285949 0.278892 0.272718 0.267425 0.263014 0.259486 0.25684 0.255075 0.254193 
0.53026 -4.30219 -0.2 -4.66538 -0.0204509 2.00821 0.794345 -0.1 0 0.389455 -1.86402 4.3755 -1.09683 3.01714 -0.792136 -1.853 -1.7267 -3.06064 -3.73006 1.33803 0.0758663 0 0 0 
74.5906 899.075 0.0003 0.0003 0 0.88 -40 
0.6
0.666826 0.544088 0.442218 0.35981 0.340776 1.68556 4.43138 4.05311 2.99228 2.91996 3.22198 3.25309 3.42822 4.14116 5.25695 6.41418 6.10138 6.27516 6.2674 6.37378 5.6751 5.10354 4.95175 5.07594 5.07969 4.8445 4.57672 4.16747 3.73501 3.30125 3.06545 2.79807 2.55645 2.06 1.87815 1.93029 2.43267 2.45951 3.81088 6.40053 
0.441798 0.441798 0.441798 0.441798 0.441798 0.441798 0.441798 0.441798 0.441798 0.441798 0.441798 0.441798 0.441798 0.441798 0.441798 0.441798 0.497654 0.477366 0.45796 0.439436 0.421793 0.405033 0.389156 0.37416 0.360046 0.346814 0.334465 0.322998 0.312412 0.302709 0.293888 0.285949 0.278892 0.272718 0.267425 0.263014 0.259486 0.25684 0.255075 0.254193 
0.53026 -4.30219 -0.2 -4.66538 -0.0204509 2.00821 0.794345 -0.1 0 0.389455 -1.86402 4.3755 -1.09683 3.01714 -0.792136 -1.853 -1.7267 -3.06064 -3.73006 1.33803 0.0758663 0 0 0 
73.4075 508.552 0.0003 0.0003 0 0.88 -40 
0.61
0.666826 0.544088 0.442218 0.35981 0.340776 1.68556 4.43138 4.05311 2.99228 2.91996 3.22198 3.25309 3.42822 4.14116 5.25695 6.41418 6.10138 6.27516 6.2674 6.37378 5.6751 5.10354 4.95175 5.07594 5.07969 4.8445 4.57672 4.16747 3.73501 3.30125 3.06545 2.79807 2.55645 2.06 1.87815 1.93029 2.43267 2.45951 3.81088 6.40053 
0.441798 0.441798 0.441798 0.441798 0.441798 0.441798 0.441798 0.441798 0.441798 0.441798 0.441798 0.441798 0.441798 0.441798 0.441798 0.441798 0.497654 0.477366 0.45796 0.439436 0.421793 0.405033 0.389156 0.37416 0.360046 0.346814 0.334465 0.322998 0.312412 0.302709 0.293888 0.285949 0.278892 0.272718 0.267425 0.263014 0.259486 0.25684 0.255075 0.254193 
0.53026 -4.30219 -0.2 -4.66538 -0.0204509 2.00821 0.794345 -0.1 0 0.389455 -1.86402 4.3755 -1.09683 3.01714 -0.792136 -1.853 -1.7267 -3.06064 -3.73006 1.33803 0.0758663 0 0 0 
72.2431 203.29 0.0003 0.0003 0 0.88 -40 
0.62
0.666826 0.544088 0.442218 0.35981 0.340776 1.68556 4.43138 4.05311 2.99228 2.91996 3.22198 3.25309 3.42822 4.14116 5.25695 6.41418 6.10138 6.27516 6.2674 6.37378 5.6751 5.10354 4.95175 5.07594 5.07969 4.8445 4.57672 4.16747 3.73501 3.30125 3.06545 2.79807 2.55645 2.06 1.87815 1.93029 2.43267 2.45951 3.81088 6.40053 
0.441798 0.441798 0.441798 0.441798 0.441798 0.441798 0.441798 0.441798 0.441798 0.441798 0.441798 0.441798 0.441798 0.441798 0.441798 0.441798 0.497654 0.477366 0.45796 0.439436 0.421793 0.405033 0.389156 0.37416 0.360046 0.346814 0.334465 0.322998 0.312412 0.302709 0.293888 0.285949 0.278892 0.272718 0.267425 0.263014 0.259486 0.25684 0.255075 0.254193 
0.53026 -4.30219 -0.2 -4.66538 -0.0204509 2.00821 0.794345 -0.1 0 0.389455 -1.86402 4.3755 -1.09683 3.01714 -0.792136 -1.853 -1.7267 -3.06064 -3.73006 1.33803 0.0758663 0 0 0 
71.0972 65.0706 0.0003 0.0003 0 0.88 -40 
0.63
0.666826 0.544088 0.442218 0.35981 0.340776 1.68556 4.43138 4.05311 2.99228 2.91996 3.22198 3.25309 3.42822 4.14116 5.25695 6.41418 6.10138 6.27516 6.2674 6.37378 5.6751 5.10354 4.95175 5.07594 5.07969 4.8445 4.57672 4.16747 3.73501 3.30125 3.06545 2.79807 2.55645 2.06 1.87815 1.93029 2.43267 2.45951 3.81088 6.40053 
0.441798 0.441798 0.441798 0.441798 0.441798 0.441798 0.441798 0.441798 0.441798 0.441798 0.441798 0.441798 0.441798 0.441798 0.441798 0.441798 0.497654 0.477366 0.45796 0.439436 0.421793 0.405033 0.389156 0.37416 0.360046 0.346814 0.334465 0.322998 0.312412 0.302709 0.293888 0.285949 0.278892 0.272718 0.267425 0.263014 0.259486 0.25684 0.255075 0.254193 
0.53026 -4.30219 -0.2 -4.66538 -0.0204509 2.00821 0.794345 -0.1 0 0.389455 -1.86402 4.3755 -1.09683 3.01714 -0.792136 -1.853 -1.7267 -3.06064 -3.73006 1.33803 0.0758663 0 0 0 
69.9695 17.9411 0.0003 0.0003 0 0.88 -40 
0.64
0.666826 0.544088 0.442218 0.35981 0.340776 1.68556 4.43138 4.05311 2.99228 2.91996 3.22198 3.25309 3.42822 4.14116 5.25695 6.41418 6.10138 6.27516 6.2674 6.37378 5.6751 5.10354 4.95175 5.07594 5.07969 4.8445 4.57672 4.16747 3.73501 3.30125 3.06545 2.79807 2.55645 2.06 1.87815 1.93029 2.43267 2.45951 3.81088 6.40053 
0.441798 0.441798 0.441798 0.441798 0.441798 0.441798 0.441798 0.441798 0.441798 0.441798 0.441798 0.441798 0.441798 0.441798 0.441798 0.441798 0.497654 0.477366 0.45796 0.439436 0.421793 0.405033 0.389156 0.37416 0.360046 0.346814 0.334465 0.322998 0.312412 0.302709 0.293888 0.285949 0.278892 0.272718 0.267425 0.263014 0.259486 0.25684 0.255075 0.254193 
0.53026 -4.30219 -0.2 -4.66538 -0.0204509 2.00821 0.794345 -0.1 0 0.389455 -1.86402 4.3755 -1.09683 3.01714 -0.792136 -1.853 -1.7267 -3.06064 -3.73006 1.33803 0.0758663 0 0 0 
68.8597 4.44907 0.0003 0.0003 0 0.88 -40 
0.65
0.666826 0.544088 0.442218 0.35981 0.340776 1.68556 4.43138 4.05311 2.99228 2.91996 3.22198 3.25309 3.42822 4.14116 5.25695 6.41418 6.10138 6.27516 6.2674 6.37378 5.6751 5.10354 4.95175 5.07594 5.07969 4.8445 4.57672 4.16747 3.73501 3.30125 3.06545 2.79807 2.55645 2.06 1.87815 1.93029 2.43267 2.45951 3.81088 6.40053 
0.441798 0.441798 0.441798 0.441798 0.441798 0.441798 0.441798 0.441798 0.441798 0.441798 0.441798 0.441798 0.441798 0.441798 0.441798 0.441798 0.497654 0.477366 0.45796 0.439436 0.421793 0.405033 0.389156 0.37416 0.360046 0.346814 0.334465 0.322998 0.312412 0.302709 0.293888 0.285949 0.278892 0.272718 0.267425 0.263014 0.259486 0.25684 0.255075 0.254193 
0.53026 -4.30219 -0.2 -4.66538 -0.0204509 2.00821 0.794345 -0.1 0 0.389455 -1.86402 4.3755 -1.09683 3.01714 -0.792136 -1.853 -1.7267 -3.06064 -3.73006 1.33803 0.0758663 0 0 0 
67.7675 1.0196 0.0003 0.0003 0 0.88 -40 
0.66
0.666826 0.544088 0.442218 0.35981 0.340776 1.68556 4.43138 4.05311 2.99228 2.91996 3.22198 3.25309 3.42822 4.14116 5.25695 6.41418 6.10138 6.27516 6.2674 6.37378 5.6751 5.10354 4.95175 5.07594 5.07969 4.8445 4.57672 4.16747 3.73501 3.30125 3.06545 2.79807 2.55645 2.06 1.87815 1.93029 2.43267 2.45951 3.81088 6.40053 
0.441798 0.441798 0.441798 0.441798 0.441798 0.441798 0.441798 0.441798 0.441798 0.441798 0.441798 0.441798 0.441798 0.441798 0.441798 0.441798 0.497654 0.477366 0.45796 0.439436 0.421793 0.405033 0.389156 0.37416 0.360046 0.346814 0.334465 0.322998 0.312412 0.302709 0.293888 0.285949 0.278892 0.272718 0.267425 0.263014 0.259486 0.25684 0.255075 0.254193 
0.53026 -4.30219 -0.2 -4.66538 -0.0204509 2.00821 0.794345 -0.1 0 0.389455 -1.86402 4.3755 -1.09683 3.01714 -0.792136 -1.853 -1.7267 -3.06064 -3.73006 1.33803 0.0758663 0 0 0 
66.6926 0.219867 0.0003 0.0003 0 0.88 -40 
0.67
0.666826 0.544088 0.442218 0.35981 0.340776 1.68556 4.43138 4.05311 2.99228 2.91996 3.22198 3.25309 3.42822 4.14116 5.25695 6.41418 6.10138 6.27516 6.2674 6.37378 5.6751 5.10354 4.95175 5.07594 5.07969 4.8445 4.57672 4.16747 3.73501 3.30125 3.06545 2.79807 2.55645 2.06 1.87815 1.93029 2.43267 2.45951 3.81088 6.40053 
0.441798 0.441798 0.441798 0.441798 0.441798 0.441798 0.441798 0.441798 0.441798 0.441798 0.441798 0.441798 0.441798 0.441798 0.441798 0.441798 0.497654 0.477366 0.45796 0.439436 0.421793 0.405033 0.389156 0.37416 0.360046 0.346814 0.334465 0.322998 0.312412 0.302709 0.293888 0.285949 0.278892 0.272718 0.267425 0.263014 0.259486 0.25684 0.255075 0.254193 
0.53026 -4.30219 -0.2 -4.66538 -0.0204509 2.00821 0.794345 -0.1 0 0.389455 -1.86402 4.3755 -1.09683 3.01714 -0.792136 -1.853 -1.7267 -3.06064 -3.73006 1.33803 0.0758663 0 0 0 
65.6348 0.0451746 0.0003 0.0003 0 0.88 -40 
0.68
0.666826 0.544088 0.442218 0.35981 0.340776 1.68556 4.43138 4.05311 2.99228 2.91996 3.22198 3.25309 3.42822 4.14116 5.25695 6.41418 6.10138 6.27516 6.2674 6.37378 5.6751 5.10354 4.95175 5.07594 5.07969 4.8445 4.57672 4.16747 3.73501 3.30125 3.06545 2.79807 2.55645 2.06 1.87815 1.93029 2.43267 2.45951 3.81088 6.40053 
0.441798 0.441798 0.441798 0.441798 0.441798 0.441798 0.441798 0.441798 0.441798 0.441798 0.441798 0.441798 0.441798 0.441798 0.441798 0.441798 0.497654 0.477366 0.45796 0.439436 0.421793 0.405033 0.389156 0.37416 0.360046 0.346814 0.334465 0.322998 0.312412 0.302709 0.293888 0.285949 0.278892 0.272718 0.267425 0.263014 0.259486 0.25684 0.255075 0.254193 
0.53026 -4.30219 -0.2 -4.66538 -0.0204509 2.00821 0.794345 -0.1 0 0.389455 -1.86402 4.3755 -1.09683 3.01714 -0.792136 -1.853 -1.7267 -3.06064 -3.73006 1.33803 0.0758663 0 0 0 
64.5937 0.00892405 0.0003 0.0003 0 0.88 -40 
