#comment
In the #data section of this text file, there is one chunck of feedback data every 10 ms.
Each chunck contains an area function represented by 40 tube sections.Each chunck containes the following lines:

Time from the beginning of the utterance in seconds
area0 area1 area2 area3 ... (Areas of the tube sections in cm^2 from glottis to mouth)
length0 length1 length2 length3 ... (Lengths of the tube sections in cm from glottis to mouth)
vocal_tract_param_0 vocal_tract_param_1 ...
glottis_param_0 glottis_param_1 ...

#data
0
0.639255 0.489881 0.385644 0.353185 2.44353 5.47886 6.27617 6.22851 6.22302 7.09955 7.03962 6.0188 5.17108 3.92642 2.83651 2.35567 0.831149 0.353063 0.0804317 0.001 0.0534828 0.145158 0.198091 0.531025 1.11671 1.74497 2.56801 3.30152 3.82267 4.51728 7.26996 6.79897 4.35152 2.9645 1.37098 0.543712 0.37282 0.001 0.001 0.001 
0.556381 0.556381 0.556381 0.556381 0.556381 0.556381 0.556381 0.556381 0.556381 0.556381 0.556381 0.556381 0.556381 0.556381 0.556381 0.556381 0.58722 0.56328 0.540381 0.518523 0.497706 0.47793 0.459194 0.441499 0.424846 0.409233 0.394661 0.381129 0.368639 0.357189 0.346781 0.337413 0.329086 0.3218 0.315555 0.310351 0.306187 0.303065 0.300983 0.299942 
0.986971 -5.87674 -0.2 -3.15653 0.668153 -0.581178 0.830107 -0.1 0 -0.538791 -1.06408 2.93767 -2.54553 2.33923 1.19576 -1.853 -1.7267 -1.45707 -3.77937 0.991776 0.276391 0 0 0 
103.826 0 0.0003 0.0003 0 0.88 -40 
0.01
0.639255 0.489881 0.385644 0.353185 2.44353 5.47886 6.27617 6.22851 6.22302 7.09955 7.03962 6.0188 5.17108 3.92642 2.83651 2.35567 0.831149 0.353063 0.0804317 0.001 0.0534828 0.145158 0.198091 0.531025 1.11671 1.74497 2.56801 3.30152 3.82267 4.51728 7.26996 6.79897 4.35152 2.9645 1.37098 0.543712 0.37282 0.001 0.001 0.001 
0.556381 0.556381 0.556381 0.556381 0.556381 0.556381 0.556381 0.556381 0.556381 0.556381 0.556381 0.556381 0.556381 0.556381 0.556381 0.556381 0.58722 0.56328 0.540381 0.518523 0.497706 0.47793 0.459194 0.441499 0.424846 0.409233 0.394661 0.381129 0.368639 0.357189 0.346781 0.337413 0.329086 0.3218 0.315555 0.310351 0.306187 0.303065 0.300983 0.299942 
0.986971 -5.87674 -0.2 -3.15653 0.668153 -0.581178 0.830107 -0.1 0 -0.538791 -1.06408 2.93767 -2.54553 2.33923 1.19576 -1.853 -1.7267 -1.45707 -3.77937 0.991776 0.276391 0 0 0 
103.826 0 0.0003 0.0003 0 0.88 -40 
0.02
0.639255 0.489881 0.385644 0.353185 2.44353 5.47886 6.27617 6.22851 6.22302 7.09955 7.03962 6.0188 5.17108 3.92642 2.83651 2.35567 0.831149 0.353063 0.0804317 0.001 0.0534828 0.145158 0.198091 0.531025 1.11671 1.74497 2.56801 3.30152 3.82267 4.51728 7.26996 6.79897 4.35152 2.9645 1.37098 0.543712 0.37282 0.001 0.001 0.001 
0.556381 0.556381 0.556381 0.556381 0.556381 0.556381 0.556381 0.556381 0.556381 0.556381 0.556381 0.556381 0.556381 0.556381 0.556381 0.556381 0.58722 0.56328 0.540381 0.518523 0.497706 0.47793 0.459194 0.441499 0.424846 0.409233 0.394661 0.381129 0.368639 0.357189 0.346781 0.337413 0.329086 0.3218 0.315555 0.310351 0.306187 0.303065 0.300983 0.299942 
0.986971 -5.87674 -0.2 -3.15653 0.668153 -0.581178 0.830107 -0.1 0 -0.538791 -1.06408 2.93767 -2.54553 2.33923 1.19576 -1.853 -1.7267 -1.45707 -3.77937 0.991776 0.276391 0 0 0 
103.826 0 0.0003 0.0003 0 0.88 -40 
0.03
0.639255 0.489881 0.385644 0.353185 2.44353 5.47886 6.27617 6.22851 6.22302 7.09955 7.03962 6.0188 5.17108 3.92642 2.83651 2.35567 0.831149 0.353063 0.0804317 0.001 0.0534828 0.145158 0.198091 0.531025 1.11671 1.74497 2.56801 3.30152 3.82267 4.51728 7.26996 6.79897 4.35152 2.9645 1.37098 0.543712 0.37282 0.001 0.001 0.001 
0.556381 0.556381 0.556381 0.556381 0.556381 0.556381 0.556381 0.556381 0.556381 0.556381 0.556381 0.556381 0.556381 0.556381 0.556381 0.556381 0.58722 0.56328 0.540381 0.518523 0.497706 0.47793 0.459194 0.441499 0.424846 0.409233 0.394661 0.381129 0.368639 0.357189 0.346781 0.337413 0.329086 0.3218 0.315555 0.310351 0.306187 0.303065 0.300983 0.299942 
0.986971 -5.87674 -0.2 -3.15653 0.668153 -0.581178 0.830107 -0.1 0 -0.538791 -1.06408 2.93767 -2.54553 2.33923 1.19576 -1.853 -1.7267 -1.45707 -3.77937 0.991776 0.276391 0 0 0 
103.826 0 0.0003 0.0003 0 0.88 -40 
0.04
0.639255 0.489881 0.385644 0.353185 2.44353 5.47886 6.27617 6.22851 6.22302 7.09955 7.03962 6.0188 5.17108 3.92642 2.83651 2.35567 0.831149 0.353063 0.0804317 0.001 0.0534828 0.145158 0.198091 0.531025 1.11671 1.74497 2.56801 3.30152 3.82267 4.51728 7.26996 6.79897 4.35152 2.9645 1.37098 0.543712 0.37282 0.001 0.001 0.001 
0.556381 0.556381 0.556381 0.556381 0.556381 0.556381 0.556381 0.556381 0.556381 0.556381 0.556381 0.556381 0.556381 0.556381 0.556381 0.556381 0.58722 0.56328 0.540381 0.518523 0.497706 0.47793 0.459194 0.441499 0.424846 0.409233 0.394661 0.381129 0.368639 0.357189 0.346781 0.337413 0.329086 0.3218 0.315555 0.310351 0.306187 0.303065 0.300983 0.299942 
0.986971 -5.87674 -0.2 -3.15653 0.668153 -0.581178 0.830107 -0.1 0 -0.538791 -1.06408 2.93767 -2.54553 2.33923 1.19576 -1.853 -1.7267 -1.45707 -3.77937 0.991776 0.276391 0 0 0 
103.826 0 0.0003 0.0003 0 0.88 -40 
0.05
0.639255 0.489881 0.385644 0.353185 2.44353 5.47886 6.27617 6.22851 6.22302 7.09955 7.03962 6.0188 5.17108 3.92642 2.83651 2.35567 0.831149 0.353063 0.0804317 0.001 0.0534828 0.145158 0.198091 0.531025 1.11671 1.74497 2.56801 3.30152 3.82267 4.51728 7.26996 6.79897 4.35152 2.9645 1.37098 0.543712 0.37282 0.001 0.001 0.001 
0.556381 0.556381 0.556381 0.556381 0.556381 0.556381 0.556381 0.556381 0.556381 0.556381 0.556381 0.556381 0.556381 0.556381 0.556381 0.556381 0.58722 0.56328 0.540381 0.518523 0.497706 0.47793 0.459194 0.441499 0.424846 0.409233 0.394661 0.381129 0.368639 0.357189 0.346781 0.337413 0.329086 0.3218 0.315555 0.310351 0.306187 0.303065 0.300983 0.299942 
0.986971 -5.87674 -0.2 -3.15653 0.668153 -0.581178 0.830107 -0.1 0 -0.538791 -1.06408 2.93767 -2.54553 2.33923 1.19576 -1.853 -1.7267 -1.45707 -3.77937 0.991776 0.276391 0 0 0 
103.826 0 0.0003 0.0003 0 0.88 -40 
0.06
0.639255 0.489881 0.385644 0.353185 2.44353 5.47886 6.27617 6.22851 6.22302 7.09955 7.03962 6.0188 5.17108 3.92642 2.83651 2.35567 0.831149 0.353063 0.0804317 0.001 0.0534828 0.145158 0.198091 0.531025 1.11671 1.74497 2.56801 3.30152 3.82267 4.51728 7.26996 6.79897 4.35152 2.9645 1.37098 0.543712 0.37282 0.001 0.001 0.001 
0.556381 0.556381 0.556381 0.556381 0.556381 0.556381 0.556381 0.556381 0.556381 0.556381 0.556381 0.556381 0.556381 0.556381 0.556381 0.556381 0.58722 0.56328 0.540381 0.518523 0.497706 0.47793 0.459194 0.441499 0.424846 0.409233 0.394661 0.381129 0.368639 0.357189 0.346781 0.337413 0.329086 0.3218 0.315555 0.310351 0.306187 0.303065 0.300983 0.299942 
0.986971 -5.87674 -0.2 -3.15653 0.668153 -0.581178 0.830107 -0.1 0 -0.538791 -1.06408 2.93767 -2.54553 2.33923 1.19576 -1.853 -1.7267 -1.45707 -3.77937 0.991776 0.276391 0 0 0 
103.826 0 0.0003 0.0003 0 0.88 -40 
0.07
0.639255 0.489881 0.385644 0.353185 2.44353 5.47886 6.27617 6.22851 6.22302 7.09955 7.03962 6.0188 5.17108 3.92642 2.83651 2.35567 0.831149 0.353063 0.0804317 0.001 0.0534828 0.145158 0.198091 0.531025 1.11671 1.74497 2.56801 3.30152 3.82267 4.51728 7.26996 6.79897 4.35152 2.9645 1.37098 0.543712 0.37282 0.001 0.001 0.001 
0.556381 0.556381 0.556381 0.556381 0.556381 0.556381 0.556381 0.556381 0.556381 0.556381 0.556381 0.556381 0.556381 0.556381 0.556381 0.556381 0.58722 0.56328 0.540381 0.518523 0.497706 0.47793 0.459194 0.441499 0.424846 0.409233 0.394661 0.381129 0.368639 0.357189 0.346781 0.337413 0.329086 0.3218 0.315555 0.310351 0.306187 0.303065 0.300983 0.299942 
0.986971 -5.87674 -0.2 -3.15653 0.668153 -0.581178 0.830107 -0.1 0 -0.538791 -1.06408 2.93767 -2.54553 2.33923 1.19576 -1.853 -1.7267 -1.45707 -3.77937 0.991776 0.276391 0 0 0 
103.826 286.567 0.0003 0.0003 0 0.88 -40 
0.08
0.639255 0.489881 0.385644 0.353185 2.44353 5.47886 6.27617 6.22851 6.22302 7.09955 7.03962 6.0188 5.17108 3.92642 2.83651 2.35567 0.831149 0.353063 0.0804317 0.001 0.0534828 0.145158 0.198091 0.531025 1.11671 1.74497 2.56801 3.30152 3.82267 4.51728 7.26996 6.79897 4.35152 2.9645 1.37098 0.543712 0.37282 0.001 0.001 0.001 
0.556381 0.556381 0.556381 0.556381 0.556381 0.556381 0.556381 0.556381 0.556381 0.556381 0.556381 0.556381 0.556381 0.556381 0.556381 0.556381 0.58722 0.56328 0.540381 0.518523 0.497706 0.47793 0.459194 0.441499 0.424846 0.409233 0.394661 0.381129 0.368639 0.357189 0.346781 0.337413 0.329086 0.3218 0.315555 0.310351 0.306187 0.303065 0.300983 0.299942 
0.986971 -5.87674 -0.2 -3.15653 0.668153 -0.581178 0.830107 -0.1 0 -0.538791 -1.06408 2.93767 -2.54553 2.33923 1.19576 -1.853 -1.7267 -1.45707 -3.77937 0.991776 0.276391 0 0 0 
103.826 667.315 0.0003 0.0003 0 0.88 -40 
0.09
0.639255 0.489881 0.385644 0.353185 2.44353 5.47886 6.27617 6.22851 6.22302 7.09955 7.03962 6.0188 5.17108 3.92642 2.83651 2.35567 0.831149 0.353063 0.0804317 0.001 0.0534828 0.145158 0.198091 0.531025 1.11671 1.74497 2.56801 3.30152 3.82267 4.51728 7.26996 6.79897 4.35152 2.9645 1.37098 0.543712 0.37282 0.001 0.001 0.001 
0.556381 0.556381 0.556381 0.556381 0.556381 0.556381 0.556381 0.556381 0.556381 0.556381 0.556381 0.556381 0.556381 0.556381 0.556381 0.556381 0.58722 0.56328 0.540381 0.518523 0.497706 0.47793 0.459194 0.441499 0.424846 0.409233 0.394661 0.381129 0.368639 0.357189 0.346781 0.337413 0.329086 0.3218 0.315555 0.310351 0.306187 0.303065 0.300983 0.299942 
0.986971 -5.87674 -0.2 -3.15653 0.668153 -0.581178 0.830107 -0.1 0 -0.538791 -1.06408 2.93767 -2.54553 2.33923 1.19576 -1.853 -1.7267 -1.45707 -3.77937 0.991776 0.276391 0 0 0 
103.909 882.394 0.0003 0.0003 0 0.88 -40 
0.1
0.639255 0.489881 0.385644 0.353185 2.44353 5.47886 6.27617 6.22851 6.22302 7.09955 7.03962 6.0188 5.17108 3.92642 2.83651 2.35567 0.831149 0.353063 0.0804317 0.001 0.0534828 0.145158 0.198091 0.531025 1.11671 1.74497 2.56801 3.30152 3.82267 4.51728 7.26996 6.79897 4.35152 2.9645 1.37098 0.543712 0.37282 0.001 0.001 0.001 
0.556381 0.556381 0.556381 0.556381 0.556381 0.556381 0.556381 0.556381 0.556381 0.556381 0.556381 0.556381 0.556381 0.556381 0.556381 0.556381 0.58722 0.56328 0.540381 0.518523 0.497706 0.47793 0.459194 0.441499 0.424846 0.409233 0.394661 0.381129 0.368639 0.357189 0.346781 0.337413 0.329086 0.3218 0.315555 0.310351 0.306187 0.303065 0.300983 0.299942 
0.986971 -5.87674 -0.2 -3.15653 0.668153 -0.581178 0.830107 -0.1 0 -0.538791 -1.06408 2.93767 -2.54553 2.33923 1.19576 -1.853 -1.7267 -1.45707 -3.77937 0.991776 0.276391 0 0 0 
104.207 965.3 0.0003 0.0003 0 0.88 -40 
0.11
0.639255 0.489881 0.385644 0.353185 2.44353 5.47886 6.27617 6.22851 6.22302 7.09955 7.03962 6.0188 5.17108 3.92642 2.83651 2.35567 0.831149 0.353063 0.0804317 0.001 0.0534828 0.145158 0.198091 0.531025 1.11671 1.74497 2.56801 3.30152 3.82267 4.51728 7.26996 6.79897 4.35152 2.9645 1.37098 0.543712 0.37282 0.001 0.001 0.001 
0.556381 0.556381 0.556381 0.556381 0.556381 0.556381 0.556381 0.556381 0.556381 0.556381 0.556381 0.556381 0.556381 0.556381 0.556381 0.556381 0.58722 0.56328 0.540381 0.518523 0.497706 0.47793 0.459194 0.441499 0.424846 0.409233 0.394661 0.381129 0.368639 0.357189 0.346781 0.337413 0.329086 0.3218 0.315555 0.310351 0.306187 0.303065 0.300983 0.299942 
0.986971 -5.87674 -0.2 -3.15653 0.668153 -0.581178 0.830107 -0.1 0 -0.538791 -1.06408 2.93767 -2.54553 2.33923 1.19576 -1.853 -1.7267 -1.45707 -3.77937 0.991776 0.276391 0 0 0 
104.713 990.964 0.0003 0.0003 0 0.88 -40 
0.12
0.639255 0.489881 0.385644 0.353185 2.44353 5.47886 6.27617 6.22851 6.22302 7.09955 7.03962 6.0188 5.17108 3.92642 2.83651 2.35567 0.831149 0.353063 0.0804317 0.001 0.0534828 0.145158 0.198091 0.531025 1.11671 1.74497 2.56801 3.30152 3.82267 4.51728 7.26996 6.79897 4.35152 2.9645 1.37098 0.543712 0.37282 0.001 0.001 0.001 
0.556381 0.556381 0.556381 0.556381 0.556381 0.556381 0.556381 0.556381 0.556381 0.556381 0.556381 0.556381 0.556381 0.556381 0.556381 0.556381 0.58722 0.56328 0.540381 0.518523 0.497706 0.47793 0.459194 0.441499 0.424846 0.409233 0.394661 0.381129 0.368639 0.357189 0.346781 0.337413 0.329086 0.3218 0.315555 0.310351 0.306187 0.303065 0.300983 0.299942 
0.986971 -5.87674 -0.2 -3.15653 0.668153 -0.581178 0.830107 -0.1 0 -0.538791 -1.06408 2.93767 -2.54553 2.33923 1.19576 -1.853 -1.7267 -1.45707 -3.77937 0.991776 0.276391 0 0 0 
105.339 997.852 0.0003 0.0003 0 0.88 -40 
0.13
0.639255 0.489881 0.385644 0.353185 2.44353 5.47886 6.27617 6.22851 6.22302 7.09955 7.03962 6.0188 5.17108 3.92642 2.83651 2.35567 0.831149 0.353063 0.0804317 0.001 0.0534828 0.145158 0.198091 0.531025 1.11671 1.74497 2.56801 3.30152 3.82267 4.51728 7.26996 6.79897 4.35152 2.9645 1.37098 0.543712 0.37282 0.001 0.001 0.001 
0.556381 0.556381 0.556381 0.556381 0.556381 0.556381 0.556381 0.556381 0.556381 0.556381 0.556381 0.556381 0.556381 0.556381 0.556381 0.556381 0.58722 0.56328 0.540381 0.518523 0.497706 0.47793 0.459194 0.441499 0.424846 0.409233 0.394661 0.381129 0.368639 0.357189 0.346781 0.337413 0.329086 0.3218 0.315555 0.310351 0.306187 0.303065 0.300983 0.299942 
0.986971 -5.87674 -0.2 -3.15653 0.668153 -0.581178 0.830107 -0.1 0 -0.538791 -1.06408 2.93767 -2.54553 2.33923 1.19576 -1.853 -1.7267 -1.45707 -3.77937 0.991776 0.276391 0 0 0 
106.004 999.523 0.0003 0.0003 0 0.88 -40 
0.14
0.639255 0.489881 0.385644 0.353185 2.44353 5.47886 6.27617 6.22851 6.22302 7.09955 7.03962 6.0188 5.17108 3.92642 2.83651 2.35567 0.831149 0.353063 0.0804317 0.001 0.0534828 0.145158 0.198091 0.531025 1.11671 1.74497 2.56801 3.30152 3.82267 4.51728 7.26996 6.79897 4.35152 2.9645 1.37098 0.543712 0.37282 0.001 0.001 0.001 
0.556381 0.556381 0.556381 0.556381 0.556381 0.556381 0.556381 0.556381 0.556381 0.556381 0.556381 0.556381 0.556381 0.556381 0.556381 0.556381 0.58722 0.56328 0.540381 0.518523 0.497706 0.47793 0.459194 0.441499 0.424846 0.409233 0.394661 0.381129 0.368639 0.357189 0.346781 0.337413 0.329086 0.3218 0.315555 0.310351 0.306187 0.303065 0.300983 0.299942 
0.986971 -5.87674 -0.2 -3.15653 0.668153 -0.581178 0.830107 -0.1 0 -0.538791 -1.06408 2.93767 -2.54553 2.33923 1.19576 -1.853 -1.7267 -1.45707 -3.77937 0.991776 0.276391 0 0 0 
106.665 999.9 0.0003 0.0003 0 0.88 -40 
0.15
0.639255 0.489881 0.385644 0.353185 2.44353 5.47886 6.27617 6.22851 6.22302 7.09955 7.03962 6.0188 5.17108 3.92642 2.83651 2.35567 0.831149 0.353063 0.0804317 0.001 0.0534828 0.145158 0.198091 0.531025 1.11671 1.74497 2.56801 3.30152 3.82267 4.51728 7.26996 6.79897 4.35152 2.9645 1.37098 0.543712 0.37282 0.001 0.001 0.001 
0.556381 0.556381 0.556381 0.556381 0.556381 0.556381 0.556381 0.556381 0.556381 0.556381 0.556381 0.556381 0.556381 0.556381 0.556381 0.556381 0.58722 0.56328 0.540381 0.518523 0.497706 0.47793 0.459194 0.441499 0.424846 0.409233 0.394661 0.381129 0.368639 0.357189 0.346781 0.337413 0.329086 0.3218 0.315555 0.310351 0.306187 0.303065 0.300983 0.299942 
0.986971 -5.87674 -0.2 -3.15653 0.668153 -0.581178 0.830107 -0.1 0 -0.538791 -1.06408 2.93767 -2.54553 2.33923 1.19576 -1.853 -1.7267 -1.45707 -3.77937 0.991776 0.276391 0 0 0 
107.306 999.98 0.0003 0.0003 0 0.88 -40 
0.16
0.639255 0.489881 0.385644 0.353185 2.44353 5.47886 6.27617 6.22851 6.22302 7.09955 7.03962 6.0188 5.17108 3.92642 2.83651 2.35567 0.831149 0.353063 0.0804317 0.001 0.0534828 0.145158 0.198091 0.531025 1.11671 1.74497 2.56801 3.30152 3.82267 4.51728 7.26996 6.79897 4.35152 2.9645 1.37098 0.543712 0.37282 0.001 0.001 0.001 
0.556381 0.556381 0.556381 0.556381 0.556381 0.556381 0.556381 0.556381 0.556381 0.556381 0.556381 0.556381 0.556381 0.556381 0.556381 0.556381 0.58722 0.56328 0.540381 0.518523 0.497706 0.47793 0.459194 0.441499 0.424846 0.409233 0.394661 0.381129 0.368639 0.357189 0.346781 0.337413 0.329086 0.3218 0.315555 0.310351 0.306187 0.303065 0.300983 0.299942 
0.986971 -5.87674 -0.2 -3.15653 0.668153 -0.581178 0.830107 -0.1 0 -0.538791 -1.06408 2.93767 -2.54553 2.33923 1.19576 -1.853 -1.7267 -1.45707 -3.77937 0.991776 0.276391 0 0 0 
107.927 999.996 0.0003 0.0003 0 0.88 -40 
0.17
0.639255 0.489881 0.385644 0.353185 2.44353 5.47886 6.27617 6.22851 6.22302 7.09955 7.03962 6.0188 5.17108 3.92642 2.83651 2.35567 0.831149 0.353063 0.0804317 0.001 0.0534828 0.145158 0.198091 0.531025 1.11671 1.74497 2.56801 3.30152 3.82267 4.51728 7.26996 6.79897 4.35152 2.9645 1.37098 0.543712 0.37282 0.001 0.001 0.001 
0.556381 0.556381 0.556381 0.556381 0.556381 0.556381 0.556381 0.556381 0.556381 0.556381 0.556381 0.556381 0.556381 0.556381 0.556381 0.556381 0.58722 0.56328 0.540381 0.518523 0.497706 0.47793 0.459194 0.441499 0.424846 0.409233 0.394661 0.381129 0.368639 0.357189 0.346781 0.337413 0.329086 0.3218 0.315555 0.310351 0.306187 0.303065 0.300983 0.299942 
0.986971 -5.87674 -0.2 -3.15653 0.668153 -0.581178 0.830107 -0.1 0 -0.538791 -1.06408 2.93767 -2.54553 2.33923 1.19576 -1.853 -1.7267 -1.45707 -3.77937 0.991776 0.276391 0 0 0 
108.534 999.999 0.0003 0.0003 0 0.88 -40 
0.18
0.639255 0.489881 0.385644 0.353185 2.44353 5.47886 6.27617 6.22851 6.22302 7.09955 7.03962 6.0188 5.17108 3.92642 2.83651 2.35567 0.831149 0.353063 0.0804317 0.001 0.0534828 0.145158 0.198091 0.531025 1.11671 1.74497 2.56801 3.30152 3.82267 4.51728 7.26996 6.79897 4.35152 2.9645 1.37098 0.543712 0.37282 0.001 0.001 0.001 
0.556381 0.556381 0.556381 0.556381 0.556381 0.556381 0.556381 0.556381 0.556381 0.556381 0.556381 0.556381 0.556381 0.556381 0.556381 0.556381 0.58722 0.56328 0.540381 0.518523 0.497706 0.47793 0.459194 0.441499 0.424846 0.409233 0.394661 0.381129 0.368639 0.357189 0.346781 0.337413 0.329086 0.3218 0.315555 0.310351 0.306187 0.303065 0.300983 0.299942 
0.986971 -5.87674 -0.2 -3.15653 0.668153 -0.581178 0.830107 -0.1 0 -0.538791 -1.06408 2.93767 -2.54553 2.33923 1.19576 -1.853 -1.7267 -1.45707 -3.77937 0.991776 0.276391 0 0 0 
109.133 1000 0.0003 0.0003 0 0.88 -40 
0.19
0.639255 0.489881 0.385644 0.353185 2.44353 5.47886 6.27617 6.22851 6.22302 7.09955 7.03962 6.0188 5.17108 3.92642 2.83651 2.35567 0.831149 0.353063 0.0804317 0.001 0.0534828 0.145158 0.198091 0.531025 1.11671 1.74497 2.56801 3.30152 3.82267 4.51728 7.26996 6.79897 4.35152 2.9645 1.37098 0.543712 0.37282 0.001 0.001 0.001 
0.556381 0.556381 0.556381 0.556381 0.556381 0.556381 0.556381 0.556381 0.556381 0.556381 0.556381 0.556381 0.556381 0.556381 0.556381 0.556381 0.58722 0.56328 0.540381 0.518523 0.497706 0.47793 0.459194 0.441499 0.424846 0.409233 0.394661 0.381129 0.368639 0.357189 0.346781 0.337413 0.329086 0.3218 0.315555 0.310351 0.306187 0.303065 0.300983 0.299942 
0.986971 -5.87674 -0.2 -3.15653 0.668153 -0.581178 0.830107 -0.1 0 -0.538791 -1.06408 2.93767 -2.54553 2.33923 1.19576 -1.853 -1.7267 -1.45707 -3.77937 0.991776 0.276391 0 0 0 
109.728 1000 0.0003 0.0003 0 0.88 -40 
0.2
0.639255 0.489881 0.385644 0.353185 2.44353 5.47886 6.27617 6.22851 6.22302 7.09955 7.03962 6.0188 5.17108 3.92642 2.83651 2.35567 0.831149 0.353063 0.0804317 0.001 0.0534828 0.145158 0.198091 0.531025 1.11671 1.74497 2.56801 3.30152 3.82267 4.51728 7.26996 6.79897 4.35152 2.9645 1.37098 0.543712 0.37282 0.001 0.001 0.001 
0.556381 0.556381 0.556381 0.556381 0.556381 0.556381 0.556381 0.556381 0.556381 0.556381 0.556381 0.556381 0.556381 0.556381 0.556381 0.556381 0.58722 0.56328 0.540381 0.518523 0.497706 0.47793 0.459194 0.441499 0.424846 0.409233 0.394661 0.381129 0.368639 0.357189 0.346781 0.337413 0.329086 0.3218 0.315555 0.310351 0.306187 0.303065 0.300983 0.299942 
0.986971 -5.87674 -0.2 -3.15653 0.668153 -0.581178 0.830107 -0.1 0 -0.538791 -1.06408 2.93767 -2.54553 2.33923 1.19576 -1.853 -1.7267 -1.45707 -3.77937 0.991776 0.276391 0 0 0 
110.322 1000 0.0003 0.0003 0 0.88 -40 
0.21
0.639255 0.489881 0.385644 0.353185 2.44353 5.47886 6.27617 6.22851 6.22302 7.09955 7.03962 6.0188 5.17108 3.92642 2.83651 2.35567 0.831149 0.353063 0.0804317 0.001 0.0534828 0.145158 0.198091 0.531025 1.11671 1.74497 2.56801 3.30152 3.82267 4.51728 7.26996 6.79897 4.35152 2.9645 1.37098 0.543712 0.37282 0.001 0.001 0.001 
0.556381 0.556381 0.556381 0.556381 0.556381 0.556381 0.556381 0.556381 0.556381 0.556381 0.556381 0.556381 0.556381 0.556381 0.556381 0.556381 0.58722 0.56328 0.540381 0.518523 0.497706 0.47793 0.459194 0.441499 0.424846 0.409233 0.394661 0.381129 0.368639 0.357189 0.346781 0.337413 0.329086 0.3218 0.315555 0.310351 0.306187 0.303065 0.300983 0.299942 
0.986971 -5.87674 -0.2 -3.15653 0.668153 -0.581178 0.830107 -0.1 0 -0.538791 -1.06408 2.93767 -2.54553 2.33923 1.19576 -1.853 -1.7267 -1.45707 -3.77937 0.991776 0.276391 0 0 0 
110.917 1000 0.0003 0.0003 0 0.88 -40 
0.22
0.639255 0.489881 0.385644 0.353185 2.44353 5.47886 6.27617 6.22851 6.22302 7.09955 7.03962 6.0188 5.17108 3.92642 2.83651 2.35567 0.831149 0.353063 0.0804317 0.001 0.0534828 0.145158 0.198091 0.531025 1.11671 1.74497 2.56801 3.30152 3.82267 4.51728 7.26996 6.79897 4.35152 2.9645 1.37098 0.543712 0.37282 0.001 0.001 0.001 
0.556381 0.556381 0.556381 0.556381 0.556381 0.556381 0.556381 0.556381 0.556381 0.556381 0.556381 0.556381 0.556381 0.556381 0.556381 0.556381 0.58722 0.56328 0.540381 0.518523 0.497706 0.47793 0.459194 0.441499 0.424846 0.409233 0.394661 0.381129 0.368639 0.357189 0.346781 0.337413 0.329086 0.3218 0.315555 0.310351 0.306187 0.303065 0.300983 0.299942 
0.986971 -5.87674 -0.2 -3.15653 0.668153 -0.581178 0.830107 -0.1 0 -0.538791 -1.06408 2.93767 -2.54553 2.33923 1.19576 -1.853 -1.7267 -1.45707 -3.77937 0.991776 0.276391 0 0 0 
111.514 1000 0.0003 0.0003 0 0.88 -40 
0.23
0.639255 0.489881 0.385644 0.353185 2.44353 5.47886 6.27617 6.22851 6.22302 7.09955 7.03962 6.0188 5.17108 3.92642 2.83651 2.35567 0.831149 0.353063 0.0804317 0.001 0.0534828 0.145158 0.198091 0.531025 1.11671 1.74497 2.56801 3.30152 3.82267 4.51728 7.26996 6.79897 4.35152 2.9645 1.37098 0.543712 0.37282 0.001 0.001 0.001 
0.556381 0.556381 0.556381 0.556381 0.556381 0.556381 0.556381 0.556381 0.556381 0.556381 0.556381 0.556381 0.556381 0.556381 0.556381 0.556381 0.58722 0.56328 0.540381 0.518523 0.497706 0.47793 0.459194 0.441499 0.424846 0.409233 0.394661 0.381129 0.368639 0.357189 0.346781 0.337413 0.329086 0.3218 0.315555 0.310351 0.306187 0.303065 0.300983 0.299942 
0.986971 -5.87674 -0.2 -3.15653 0.668153 -0.581178 0.830107 -0.1 0 -0.538791 -1.06408 2.93767 -2.54553 2.33923 1.19576 -1.853 -1.7267 -1.45707 -3.77937 0.991776 0.276391 0 0 0 
112.114 1000 0.0003 0.0003 0 0.88 -40 
0.24
0.639255 0.489881 0.385644 0.353185 2.44353 5.47886 6.27617 6.22851 6.22302 7.09955 7.03962 6.0188 5.17108 3.92642 2.83651 2.35567 0.831149 0.353063 0.0804317 0.001 0.0534828 0.145158 0.198091 0.531025 1.11671 1.74497 2.56801 3.30152 3.82267 4.51728 7.26996 6.79897 4.35152 2.9645 1.37098 0.543712 0.37282 0.001 0.001 0.001 
0.556381 0.556381 0.556381 0.556381 0.556381 0.556381 0.556381 0.556381 0.556381 0.556381 0.556381 0.556381 0.556381 0.556381 0.556381 0.556381 0.58722 0.56328 0.540381 0.518523 0.497706 0.47793 0.459194 0.441499 0.424846 0.409233 0.394661 0.381129 0.368639 0.357189 0.346781 0.337413 0.329086 0.3218 0.315555 0.310351 0.306187 0.303065 0.300983 0.299942 
0.986971 -5.87674 -0.2 -3.15653 0.668153 -0.581178 0.830107 -0.1 0 -0.538791 -1.06408 2.93767 -2.54553 2.33923 1.19576 -1.853 -1.7267 -1.45707 -3.77937 0.991776 0.276391 0 0 0 
112.717 1000 0.0003 0.0003 0 0.88 -40 
0.25
0.639255 0.489881 0.385644 0.353185 2.44353 5.47886 6.27617 6.22851 6.22302 7.09955 7.03962 6.0188 5.17108 3.92642 2.83651 2.35567 0.831149 0.353063 0.0804317 0.001 0.0534828 0.145158 0.198091 0.531025 1.11671 1.74497 2.56801 3.30152 3.82267 4.51728 7.26996 6.79897 4.35152 2.9645 1.37098 0.543712 0.37282 0.001 0.001 0.001 
0.556381 0.556381 0.556381 0.556381 0.556381 0.556381 0.556381 0.556381 0.556381 0.556381 0.556381 0.556381 0.556381 0.556381 0.556381 0.556381 0.58722 0.56328 0.540381 0.518523 0.497706 0.47793 0.459194 0.441499 0.424846 0.409233 0.394661 0.381129 0.368639 0.357189 0.346781 0.337413 0.329086 0.3218 0.315555 0.310351 0.306187 0.303065 0.300983 0.299942 
0.986971 -5.87674 -0.2 -3.15653 0.668153 -0.581178 0.830107 -0.1 0 -0.538791 -1.06408 2.93767 -2.54553 2.33923 1.19576 -1.853 -1.7267 -1.45707 -3.77937 0.991776 0.276391 0 0 0 
113.323 1000 0.0003 0.0003 0 0.88 -40 
0.26
0.639255 0.489881 0.385644 0.353185 2.44353 5.47886 6.27617 6.22851 6.22302 7.09955 7.03962 6.0188 5.17108 3.92642 2.83651 2.35567 0.831149 0.353063 0.0804317 0.001 0.0534828 0.145158 0.198091 0.531025 1.11671 1.74497 2.56801 3.30152 3.82267 4.51728 7.26996 6.79897 4.35152 2.9645 1.37098 0.543712 0.37282 0.001 0.001 0.001 
0.556381 0.556381 0.556381 0.556381 0.556381 0.556381 0.556381 0.556381 0.556381 0.556381 0.556381 0.556381 0.556381 0.556381 0.556381 0.556381 0.58722 0.56328 0.540381 0.518523 0.497706 0.47793 0.459194 0.441499 0.424846 0.409233 0.394661 0.381129 0.368639 0.357189 0.346781 0.337413 0.329086 0.3218 0.315555 0.310351 0.306187 0.303065 0.300983 0.299942 
0.986971 -5.87674 -0.2 -3.15653 0.668153 -0.581178 0.830107 -0.1 0 -0.538791 -1.06408 2.93767 -2.54553 2.33923 1.19576 -1.853 -1.7267 -1.45707 -3.77937 0.991776 0.276391 0 0 0 
113.932 1000 0.0003 0.0003 0 0.88 -40 
0.27
0.639255 0.489881 0.385644 0.353185 2.44353 5.47886 6.27617 6.22851 6.22302 7.09955 7.03962 6.0188 5.17108 3.92642 2.83651 2.35567 0.831149 0.353063 0.0804317 0.001 0.0534828 0.145158 0.198091 0.531025 1.11671 1.74497 2.56801 3.30152 3.82267 4.51728 7.26996 6.79897 4.35152 2.9645 1.37098 0.543712 0.37282 0.001 0.001 0.001 
0.556381 0.556381 0.556381 0.556381 0.556381 0.556381 0.556381 0.556381 0.556381 0.556381 0.556381 0.556381 0.556381 0.556381 0.556381 0.556381 0.58722 0.56328 0.540381 0.518523 0.497706 0.47793 0.459194 0.441499 0.424846 0.409233 0.394661 0.381129 0.368639 0.357189 0.346781 0.337413 0.329086 0.3218 0.315555 0.310351 0.306187 0.303065 0.300983 0.299942 
0.986971 -5.87674 -0.2 -3.15653 0.668153 -0.581178 0.830107 -0.1 0 -0.538791 -1.06408 2.93767 -2.54553 2.33923 1.19576 -1.853 -1.7267 -1.45707 -3.77937 0.991776 0.276391 0 0 0 
114.979 1000 0.0003 0.0003 0 0.88 -40 
0.28
0.639255 0.489881 0.385644 0.353185 2.44353 5.47886 6.27617 6.22851 6.22302 7.09955 7.03962 6.0188 5.17108 3.92642 2.83651 2.35567 0.831149 0.353063 0.0804317 0.001 0.0534828 0.145158 0.198091 0.531025 1.11671 1.74497 2.56801 3.30152 3.82267 4.51728 7.26996 6.79897 4.35152 2.9645 1.37098 0.543712 0.37282 0.001 0.001 0.001 
0.556381 0.556381 0.556381 0.556381 0.556381 0.556381 0.556381 0.556381 0.556381 0.556381 0.556381 0.556381 0.556381 0.556381 0.556381 0.556381 0.58722 0.56328 0.540381 0.518523 0.497706 0.47793 0.459194 0.441499 0.424846 0.409233 0.394661 0.381129 0.368639 0.357189 0.346781 0.337413 0.329086 0.3218 0.315555 0.310351 0.306187 0.303065 0.300983 0.299942 
0.986971 -5.87674 -0.2 -3.15653 0.668153 -0.581178 0.830107 -0.1 0 -0.538791 -1.06408 2.93767 -2.54553 2.33923 1.19576 -1.853 -1.7267 -1.45707 -3.77937 0.991776 0.276391 0 0 0 
116.153 1000 0.0003 0.0003 0 0.88 -40 
0.29
0.639255 0.489881 0.385644 0.353185 2.44353 5.47886 6.27617 6.22851 6.22302 7.09955 7.03962 6.0188 5.17108 3.92642 2.83651 2.35567 0.831149 0.353063 0.0804317 0.001 0.0534828 0.145158 0.198091 0.531025 1.11671 1.74497 2.56801 3.30152 3.82267 4.51728 7.26996 6.79897 4.35152 2.9645 1.37098 0.543712 0.37282 0.001 0.001 0.001 
0.556381 0.556381 0.556381 0.556381 0.556381 0.556381 0.556381 0.556381 0.556381 0.556381 0.556381 0.556381 0.556381 0.556381 0.556381 0.556381 0.58722 0.56328 0.540381 0.518523 0.497706 0.47793 0.459194 0.441499 0.424846 0.409233 0.394661 0.381129 0.368639 0.357189 0.346781 0.337413 0.329086 0.3218 0.315555 0.310351 0.306187 0.303065 0.300983 0.299942 
0.986971 -5.87674 -0.2 -3.15653 0.668153 -0.581178 0.830107 -0.1 0 -0.538791 -1.06408 2.93767 -2.54553 2.33923 1.19576 -1.853 -1.7267 -1.45707 -3.77937 0.991776 0.276391 0 0 0 
116.808 1000 0.0003 0.0003 0 0.88 -40 
0.3
0.639255 0.489881 0.385644 0.353185 2.44353 5.47886 6.27617 6.22851 6.22302 7.09955 7.03962 6.0188 5.17108 3.92642 2.83651 2.35567 0.831149 0.353063 0.0804317 0.001 0.0534828 0.145158 0.198091 0.531025 1.11671 1.74497 2.56801 3.30152 3.82267 4.51728 7.26996 6.79897 4.35152 2.9645 1.37098 0.543712 0.37282 0.001 0.001 0.001 
0.556381 0.556381 0.556381 0.556381 0.556381 0.556381 0.556381 0.556381 0.556381 0.556381 0.556381 0.556381 0.556381 0.556381 0.556381 0.556381 0.58722 0.56328 0.540381 0.518523 0.497706 0.47793 0.459194 0.441499 0.424846 0.409233 0.394661 0.381129 0.368639 0.357189 0.346781 0.337413 0.329086 0.3218 0.315555 0.310351 0.306187 0.303065 0.300983 0.299942 
0.986971 -5.87674 -0.2 -3.15653 0.668153 -0.581178 0.830107 -0.1 0 -0.538791 -1.06408 2.93767 -2.54553 2.33923 1.19576 -1.853 -1.7267 -1.45707 -3.77937 0.991776 0.276391 0 0 0 
116.642 1000 0.0003 0.0003 0 0.88 -40 
0.31
0.639255 0.489881 0.385644 0.353185 2.44353 5.47886 6.27617 6.22851 6.22302 7.09955 7.03962 6.0188 5.17108 3.92642 2.83651 2.35567 0.831149 0.353063 0.0804317 0.001 0.0534828 0.145158 0.198091 0.531025 1.11671 1.74497 2.56801 3.30152 3.82267 4.51728 7.26996 6.79897 4.35152 2.9645 1.37098 0.543712 0.37282 0.001 0.001 0.001 
0.556381 0.556381 0.556381 0.556381 0.556381 0.556381 0.556381 0.556381 0.556381 0.556381 0.556381 0.556381 0.556381 0.556381 0.556381 0.556381 0.58722 0.56328 0.540381 0.518523 0.497706 0.47793 0.459194 0.441499 0.424846 0.409233 0.394661 0.381129 0.368639 0.357189 0.346781 0.337413 0.329086 0.3218 0.315555 0.310351 0.306187 0.303065 0.300983 0.299942 
0.986971 -5.87674 -0.2 -3.15653 0.668153 -0.581178 0.830107 -0.1 0 -0.538791 -1.06408 2.93767 -2.54553 2.33923 1.19576 -1.853 -1.7267 -1.45707 -3.77937 0.991776 0.276391 0 0 0 
115.767 1000 0.0003 0.0003 0 0.88 -40 
0.32
0.639255 0.489881 0.385644 0.353185 2.44353 5.47886 6.27617 6.22851 6.22302 7.09955 7.03962 6.0188 5.17108 3.92642 2.83651 2.35567 0.831149 0.353063 0.0804317 0.001 0.0534828 0.145158 0.198091 0.531025 1.11671 1.74497 2.56801 3.30152 3.82267 4.51728 7.26996 6.79897 4.35152 2.9645 1.37098 0.543712 0.37282 0.001 0.001 0.001 
0.556381 0.556381 0.556381 0.556381 0.556381 0.556381 0.556381 0.556381 0.556381 0.556381 0.556381 0.556381 0.556381 0.556381 0.556381 0.556381 0.58722 0.56328 0.540381 0.518523 0.497706 0.47793 0.459194 0.441499 0.424846 0.409233 0.394661 0.381129 0.368639 0.357189 0.346781 0.337413 0.329086 0.3218 0.315555 0.310351 0.306187 0.303065 0.300983 0.299942 
0.986971 -5.87674 -0.2 -3.15653 0.668153 -0.581178 0.830107 -0.1 0 -0.538791 -1.06408 2.93767 -2.54553 2.33923 1.19576 -1.853 -1.7267 -1.45707 -3.77937 0.991776 0.276391 0 0 0 
114.432 1000 0.0003 0.0003 0 0.88 -40 
0.33
0.639255 0.489881 0.385644 0.353185 2.44353 5.47886 6.27617 6.22851 6.22302 7.09955 7.03962 6.0188 5.17108 3.92642 2.83651 2.35567 0.831149 0.353063 0.0804317 0.001 0.0534828 0.145158 0.198091 0.531025 1.11671 1.74497 2.56801 3.30152 3.82267 4.51728 7.26996 6.79897 4.35152 2.9645 1.37098 0.543712 0.37282 0.001 0.001 0.001 
0.556381 0.556381 0.556381 0.556381 0.556381 0.556381 0.556381 0.556381 0.556381 0.556381 0.556381 0.556381 0.556381 0.556381 0.556381 0.556381 0.58722 0.56328 0.540381 0.518523 0.497706 0.47793 0.459194 0.441499 0.424846 0.409233 0.394661 0.381129 0.368639 0.357189 0.346781 0.337413 0.329086 0.3218 0.315555 0.310351 0.306187 0.303065 0.300983 0.299942 
0.986971 -5.87674 -0.2 -3.15653 0.668153 -0.581178 0.830107 -0.1 0 -0.538791 -1.06408 2.93767 -2.54553 2.33923 1.19576 -1.853 -1.7267 -1.45707 -3.77937 0.991776 0.276391 0 0 0 
112.854 1000 0.0003 0.0003 0 0.88 -40 
0.34
0.639255 0.489881 0.385644 0.353185 2.44353 5.47886 6.27617 6.22851 6.22302 7.09955 7.03962 6.0188 5.17108 3.92642 2.83651 2.35567 0.831149 0.353063 0.0804317 0.001 0.0534828 0.145158 0.198091 0.531025 1.11671 1.74497 2.56801 3.30152 3.82267 4.51728 7.26996 6.79897 4.35152 2.9645 1.37098 0.543712 0.37282 0.001 0.001 0.001 
0.556381 0.556381 0.556381 0.556381 0.556381 0.556381 0.556381 0.556381 0.556381 0.556381 0.556381 0.556381 0.556381 0.556381 0.556381 0.556381 0.58722 0.56328 0.540381 0.518523 0.497706 0.47793 0.459194 0.441499 0.424846 0.409233 0.394661 0.381129 0.368639 0.357189 0.346781 0.337413 0.329086 0.3218 0.315555 0.310351 0.306187 0.303065 0.300983 0.299942 
0.986971 -5.87674 -0.2 -3.15653 0.668153 -0.581178 0.830107 -0.1 0 -0.538791 -1.06408 2.93767 -2.54553 2.33923 1.19576 -1.853 -1.7267 -1.45707 -3.77937 0.991776 0.276391 0 0 0 
111.169 1000 0.0003 0.0003 0 0.88 -40 
0.35
0.639255 0.489881 0.385644 0.353185 2.44353 5.47886 6.27617 6.22851 6.22302 7.09955 7.03962 6.0188 5.17108 3.92642 2.83651 2.35567 0.831149 0.353063 0.0804317 0.001 0.0534828 0.145158 0.198091 0.531025 1.11671 1.74497 2.56801 3.30152 3.82267 4.51728 7.26996 6.79897 4.35152 2.9645 1.37098 0.543712 0.37282 0.001 0.001 0.001 
0.556381 0.556381 0.556381 0.556381 0.556381 0.556381 0.556381 0.556381 0.556381 0.556381 0.556381 0.556381 0.556381 0.556381 0.556381 0.556381 0.58722 0.56328 0.540381 0.518523 0.497706 0.47793 0.459194 0.441499 0.424846 0.409233 0.394661 0.381129 0.368639 0.357189 0.346781 0.337413 0.329086 0.3218 0.315555 0.310351 0.306187 0.303065 0.300983 0.299942 
0.986971 -5.87674 -0.2 -3.15653 0.668153 -0.581178 0.830107 -0.1 0 -0.538791 -1.06408 2.93767 -2.54553 2.33923 1.19576 -1.853 -1.7267 -1.45707 -3.77937 0.991776 0.276391 0 0 0 
109.45 1000 0.0003 0.0003 0 0.88 -40 
0.36
0.639255 0.489881 0.385644 0.353185 2.44353 5.47886 6.27617 6.22851 6.22302 7.09955 7.03962 6.0188 5.17108 3.92642 2.83651 2.35567 0.831149 0.353063 0.0804317 0.001 0.0534828 0.145158 0.198091 0.531025 1.11671 1.74497 2.56801 3.30152 3.82267 4.51728 7.26996 6.79897 4.35152 2.9645 1.37098 0.543712 0.37282 0.001 0.001 0.001 
0.556381 0.556381 0.556381 0.556381 0.556381 0.556381 0.556381 0.556381 0.556381 0.556381 0.556381 0.556381 0.556381 0.556381 0.556381 0.556381 0.58722 0.56328 0.540381 0.518523 0.497706 0.47793 0.459194 0.441499 0.424846 0.409233 0.394661 0.381129 0.368639 0.357189 0.346781 0.337413 0.329086 0.3218 0.315555 0.310351 0.306187 0.303065 0.300983 0.299942 
0.986971 -5.87674 -0.2 -3.15653 0.668153 -0.581178 0.830107 -0.1 0 -0.538791 -1.06408 2.93767 -2.54553 2.33923 1.19576 -1.853 -1.7267 -1.45707 -3.77937 0.991776 0.276391 0 0 0 
107.732 1000 0.0003 0.0003 0 0.88 -40 
0.37
0.639255 0.489881 0.385644 0.353185 2.44353 5.47886 6.27617 6.22851 6.22302 7.09955 7.03962 6.0188 5.17108 3.92642 2.83651 2.35567 0.831149 0.353063 0.0804317 0.001 0.0534828 0.145158 0.198091 0.531025 1.11671 1.74497 2.56801 3.30152 3.82267 4.51728 7.26996 6.79897 4.35152 2.9645 1.37098 0.543712 0.37282 0.001 0.001 0.001 
0.556381 0.556381 0.556381 0.556381 0.556381 0.556381 0.556381 0.556381 0.556381 0.556381 0.556381 0.556381 0.556381 0.556381 0.556381 0.556381 0.58722 0.56328 0.540381 0.518523 0.497706 0.47793 0.459194 0.441499 0.424846 0.409233 0.394661 0.381129 0.368639 0.357189 0.346781 0.337413 0.329086 0.3218 0.315555 0.310351 0.306187 0.303065 0.300983 0.299942 
0.986971 -5.87674 -0.2 -3.15653 0.668153 -0.581178 0.830107 -0.1 0 -0.538791 -1.06408 2.93767 -2.54553 2.33923 1.19576 -1.853 -1.7267 -1.45707 -3.77937 0.991776 0.276391 0 0 0 
106.03 1000 0.0003 0.0003 0 0.88 -40 
0.38
0.639255 0.489881 0.385644 0.353185 2.44353 5.47886 6.27617 6.22851 6.22302 7.09955 7.03962 6.0188 5.17108 3.92642 2.83651 2.35567 0.831149 0.353063 0.0804317 0.001 0.0534828 0.145158 0.198091 0.531025 1.11671 1.74497 2.56801 3.30152 3.82267 4.51728 7.26996 6.79897 4.35152 2.9645 1.37098 0.543712 0.37282 0.001 0.001 0.001 
0.556381 0.556381 0.556381 0.556381 0.556381 0.556381 0.556381 0.556381 0.556381 0.556381 0.556381 0.556381 0.556381 0.556381 0.556381 0.556381 0.58722 0.56328 0.540381 0.518523 0.497706 0.47793 0.459194 0.441499 0.424846 0.409233 0.394661 0.381129 0.368639 0.357189 0.346781 0.337413 0.329086 0.3218 0.315555 0.310351 0.306187 0.303065 0.300983 0.299942 
0.986971 -5.87674 -0.2 -3.15653 0.668153 -0.581178 0.830107 -0.1 0 -0.538791 -1.06408 2.93767 -2.54553 2.33923 1.19576 -1.853 -1.7267 -1.45707 -3.77937 0.991776 0.276391 0 0 0 
104.351 1000 0.0003 0.0003 0 0.88 -40 
0.39
0.639255 0.489881 0.385644 0.353185 2.44353 5.47886 6.27617 6.22851 6.22302 7.09955 7.03962 6.0188 5.17108 3.92642 2.83651 2.35567 0.831149 0.353063 0.0804317 0.001 0.0534828 0.145158 0.198091 0.531025 1.11671 1.74497 2.56801 3.30152 3.82267 4.51728 7.26996 6.79897 4.35152 2.9645 1.37098 0.543712 0.37282 0.001 0.001 0.001 
0.556381 0.556381 0.556381 0.556381 0.556381 0.556381 0.556381 0.556381 0.556381 0.556381 0.556381 0.556381 0.556381 0.556381 0.556381 0.556381 0.58722 0.56328 0.540381 0.518523 0.497706 0.47793 0.459194 0.441499 0.424846 0.409233 0.394661 0.381129 0.368639 0.357189 0.346781 0.337413 0.329086 0.3218 0.315555 0.310351 0.306187 0.303065 0.300983 0.299942 
0.986971 -5.87674 -0.2 -3.15653 0.668153 -0.581178 0.830107 -0.1 0 -0.538791 -1.06408 2.93767 -2.54553 2.33923 1.19576 -1.853 -1.7267 -1.45707 -3.77937 0.991776 0.276391 0 0 0 
102.697 1000 0.0003 0.0003 0 0.88 -40 
0.4
0.639255 0.489881 0.385644 0.353185 2.44353 5.47886 6.27617 6.22851 6.22302 7.09955 7.03962 6.0188 5.17108 3.92642 2.83651 2.35567 0.831149 0.353063 0.0804317 0.001 0.0534828 0.145158 0.198091 0.531025 1.11671 1.74497 2.56801 3.30152 3.82267 4.51728 7.26996 6.79897 4.35152 2.9645 1.37098 0.543712 0.37282 0.001 0.001 0.001 
0.556381 0.556381 0.556381 0.556381 0.556381 0.556381 0.556381 0.556381 0.556381 0.556381 0.556381 0.556381 0.556381 0.556381 0.556381 0.556381 0.58722 0.56328 0.540381 0.518523 0.497706 0.47793 0.459194 0.441499 0.424846 0.409233 0.394661 0.381129 0.368639 0.357189 0.346781 0.337413 0.329086 0.3218 0.315555 0.310351 0.306187 0.303065 0.300983 0.299942 
0.986971 -5.87674 -0.2 -3.15653 0.668153 -0.581178 0.830107 -0.1 0 -0.538791 -1.06408 2.93767 -2.54553 2.33923 1.19576 -1.853 -1.7267 -1.45707 -3.77937 0.991776 0.276391 0 0 0 
101.068 1000 0.0003 0.0003 0 0.88 -40 
0.41
0.639255 0.489881 0.385644 0.353185 2.44353 5.47886 6.27617 6.22851 6.22302 7.09955 7.03962 6.0188 5.17108 3.92642 2.83651 2.35567 0.831149 0.353063 0.0804317 0.001 0.0534828 0.145158 0.198091 0.531025 1.11671 1.74497 2.56801 3.30152 3.82267 4.51728 7.26996 6.79897 4.35152 2.9645 1.37098 0.543712 0.37282 0.001 0.001 0.001 
0.556381 0.556381 0.556381 0.556381 0.556381 0.556381 0.556381 0.556381 0.556381 0.556381 0.556381 0.556381 0.556381 0.556381 0.556381 0.556381 0.58722 0.56328 0.540381 0.518523 0.497706 0.47793 0.459194 0.441499 0.424846 0.409233 0.394661 0.381129 0.368639 0.357189 0.346781 0.337413 0.329086 0.3218 0.315555 0.310351 0.306187 0.303065 0.300983 0.299942 
0.986971 -5.87674 -0.2 -3.15653 0.668153 -0.581178 0.830107 -0.1 0 -0.538791 -1.06408 2.93767 -2.54553 2.33923 1.19576 -1.853 -1.7267 -1.45707 -3.77937 0.991776 0.276391 0 0 0 
99.4653 1000 0.0003 0.0003 0 0.88 -40 
0.42
0.639255 0.489881 0.385644 0.353185 2.44353 5.47886 6.27617 6.22851 6.22302 7.09955 7.03962 6.0188 5.17108 3.92642 2.83651 2.35567 0.831149 0.353063 0.0804317 0.001 0.0534828 0.145158 0.198091 0.531025 1.11671 1.74497 2.56801 3.30152 3.82267 4.51728 7.26996 6.79897 4.35152 2.9645 1.37098 0.543712 0.37282 0.001 0.001 0.001 
0.556381 0.556381 0.556381 0.556381 0.556381 0.556381 0.556381 0.556381 0.556381 0.556381 0.556381 0.556381 0.556381 0.556381 0.556381 0.556381 0.58722 0.56328 0.540381 0.518523 0.497706 0.47793 0.459194 0.441499 0.424846 0.409233 0.394661 0.381129 0.368639 0.357189 0.346781 0.337413 0.329086 0.3218 0.315555 0.310351 0.306187 0.303065 0.300983 0.299942 
0.986971 -5.87674 -0.2 -3.15653 0.668153 -0.581178 0.830107 -0.1 0 -0.538791 -1.06408 2.93767 -2.54553 2.33923 1.19576 -1.853 -1.7267 -1.45707 -3.77937 0.991776 0.276391 0 0 0 
97.8876 1000 0.0003 0.0003 0 0.88 -40 
0.43
0.639255 0.489881 0.385644 0.353185 2.44353 5.47886 6.27617 6.22851 6.22302 7.09955 7.03962 6.0188 5.17108 3.92642 2.83651 2.35567 0.831149 0.353063 0.0804317 0.001 0.0534828 0.145158 0.198091 0.531025 1.11671 1.74497 2.56801 3.30152 3.82267 4.51728 7.26996 6.79897 4.35152 2.9645 1.37098 0.543712 0.37282 0.001 0.001 0.001 
0.556381 0.556381 0.556381 0.556381 0.556381 0.556381 0.556381 0.556381 0.556381 0.556381 0.556381 0.556381 0.556381 0.556381 0.556381 0.556381 0.58722 0.56328 0.540381 0.518523 0.497706 0.47793 0.459194 0.441499 0.424846 0.409233 0.394661 0.381129 0.368639 0.357189 0.346781 0.337413 0.329086 0.3218 0.315555 0.310351 0.306187 0.303065 0.300983 0.299942 
0.986971 -5.87674 -0.2 -3.15653 0.668153 -0.581178 0.830107 -0.1 0 -0.538791 -1.06408 2.93767 -2.54553 2.33923 1.19576 -1.853 -1.7267 -1.45707 -3.77937 0.991776 0.276391 0 0 0 
96.335 1000 0.0003 0.0003 0 0.88 -40 
0.44
0.639255 0.489881 0.385644 0.353185 2.44353 5.47886 6.27617 6.22851 6.22302 7.09955 7.03962 6.0188 5.17108 3.92642 2.83651 2.35567 0.831149 0.353063 0.0804317 0.001 0.0534828 0.145158 0.198091 0.531025 1.11671 1.74497 2.56801 3.30152 3.82267 4.51728 7.26996 6.79897 4.35152 2.9645 1.37098 0.543712 0.37282 0.001 0.001 0.001 
0.556381 0.556381 0.556381 0.556381 0.556381 0.556381 0.556381 0.556381 0.556381 0.556381 0.556381 0.556381 0.556381 0.556381 0.556381 0.556381 0.58722 0.56328 0.540381 0.518523 0.497706 0.47793 0.459194 0.441499 0.424846 0.409233 0.394661 0.381129 0.368639 0.357189 0.346781 0.337413 0.329086 0.3218 0.315555 0.310351 0.306187 0.303065 0.300983 0.299942 
0.986971 -5.87674 -0.2 -3.15653 0.668153 -0.581178 0.830107 -0.1 0 -0.538791 -1.06408 2.93767 -2.54553 2.33923 1.19576 -1.853 -1.7267 -1.45707 -3.77937 0.991776 0.276391 0 0 0 
94.807 1000 0.0003 0.0003 0 0.88 -40 
0.45
0.639255 0.489881 0.385644 0.353185 2.44353 5.47886 6.27617 6.22851 6.22302 7.09955 7.03962 6.0188 5.17108 3.92642 2.83651 2.35567 0.831149 0.353063 0.0804317 0.001 0.0534828 0.145158 0.198091 0.531025 1.11671 1.74497 2.56801 3.30152 3.82267 4.51728 7.26996 6.79897 4.35152 2.9645 1.37098 0.543712 0.37282 0.001 0.001 0.001 
0.556381 0.556381 0.556381 0.556381 0.556381 0.556381 0.556381 0.556381 0.556381 0.556381 0.556381 0.556381 0.556381 0.556381 0.556381 0.556381 0.58722 0.56328 0.540381 0.518523 0.497706 0.47793 0.459194 0.441499 0.424846 0.409233 0.394661 0.381129 0.368639 0.357189 0.346781 0.337413 0.329086 0.3218 0.315555 0.310351 0.306187 0.303065 0.300983 0.299942 
0.986971 -5.87674 -0.2 -3.15653 0.668153 -0.581178 0.830107 -0.1 0 -0.538791 -1.06408 2.93767 -2.54553 2.33923 1.19576 -1.853 -1.7267 -1.45707 -3.77937 0.991776 0.276391 0 0 0 
93.3032 1000 0.0003 0.0003 0 0.88 -40 
0.46
0.639255 0.489881 0.385644 0.353185 2.44353 5.47886 6.27617 6.22851 6.22302 7.09955 7.03962 6.0188 5.17108 3.92642 2.83651 2.35567 0.831149 0.353063 0.0804317 0.001 0.0534828 0.145158 0.198091 0.531025 1.11671 1.74497 2.56801 3.30152 3.82267 4.51728 7.26996 6.79897 4.35152 2.9645 1.37098 0.543712 0.37282 0.001 0.001 0.001 
0.556381 0.556381 0.556381 0.556381 0.556381 0.556381 0.556381 0.556381 0.556381 0.556381 0.556381 0.556381 0.556381 0.556381 0.556381 0.556381 0.58722 0.56328 0.540381 0.518523 0.497706 0.47793 0.459194 0.441499 0.424846 0.409233 0.394661 0.381129 0.368639 0.357189 0.346781 0.337413 0.329086 0.3218 0.315555 0.310351 0.306187 0.303065 0.300983 0.299942 
0.986971 -5.87674 -0.2 -3.15653 0.668153 -0.581178 0.830107 -0.1 0 -0.538791 -1.06408 2.93767 -2.54553 2.33923 1.19576 -1.853 -1.7267 -1.45707 -3.77937 0.991776 0.276391 0 0 0 
91.8233 1000 0.0003 0.0003 0 0.88 -40 
0.47
0.639255 0.489881 0.385644 0.353185 2.44353 5.47886 6.27617 6.22851 6.22302 7.09955 7.03962 6.0188 5.17108 3.92642 2.83651 2.35567 0.831149 0.353063 0.0804317 0.001 0.0534828 0.145158 0.198091 0.531025 1.11671 1.74497 2.56801 3.30152 3.82267 4.51728 7.26996 6.79897 4.35152 2.9645 1.37098 0.543712 0.37282 0.001 0.001 0.001 
0.556381 0.556381 0.556381 0.556381 0.556381 0.556381 0.556381 0.556381 0.556381 0.556381 0.556381 0.556381 0.556381 0.556381 0.556381 0.556381 0.58722 0.56328 0.540381 0.518523 0.497706 0.47793 0.459194 0.441499 0.424846 0.409233 0.394661 0.381129 0.368639 0.357189 0.346781 0.337413 0.329086 0.3218 0.315555 0.310351 0.306187 0.303065 0.300983 0.299942 
0.986971 -5.87674 -0.2 -3.15653 0.668153 -0.581178 0.830107 -0.1 0 -0.538791 -1.06408 2.93767 -2.54553 2.33923 1.19576 -1.853 -1.7267 -1.45707 -3.77937 0.991776 0.276391 0 0 0 
90.3669 1000 0.0003 0.0003 0 0.88 -40 
0.48
0.639255 0.489881 0.385644 0.353185 2.44353 5.47886 6.27617 6.22851 6.22302 7.09955 7.03962 6.0188 5.17108 3.92642 2.83651 2.35567 0.831149 0.353063 0.0804317 0.001 0.0534828 0.145158 0.198091 0.531025 1.11671 1.74497 2.56801 3.30152 3.82267 4.51728 7.26996 6.79897 4.35152 2.9645 1.37098 0.543712 0.37282 0.001 0.001 0.001 
0.556381 0.556381 0.556381 0.556381 0.556381 0.556381 0.556381 0.556381 0.556381 0.556381 0.556381 0.556381 0.556381 0.556381 0.556381 0.556381 0.58722 0.56328 0.540381 0.518523 0.497706 0.47793 0.459194 0.441499 0.424846 0.409233 0.394661 0.381129 0.368639 0.357189 0.346781 0.337413 0.329086 0.3218 0.315555 0.310351 0.306187 0.303065 0.300983 0.299942 
0.986971 -5.87674 -0.2 -3.15653 0.668153 -0.581178 0.830107 -0.1 0 -0.538791 -1.06408 2.93767 -2.54553 2.33923 1.19576 -1.853 -1.7267 -1.45707 -3.77937 0.991776 0.276391 0 0 0 
88.9335 1000 0.0003 0.0003 0 0.88 -40 
0.49
0.639255 0.489881 0.385644 0.353185 2.44353 5.47886 6.27617 6.22851 6.22302 7.09955 7.03962 6.0188 5.17108 3.92642 2.83651 2.35567 0.831149 0.353063 0.0804317 0.001 0.0534828 0.145158 0.198091 0.531025 1.11671 1.74497 2.56801 3.30152 3.82267 4.51728 7.26996 6.79897 4.35152 2.9645 1.37098 0.543712 0.37282 0.001 0.001 0.001 
0.556381 0.556381 0.556381 0.556381 0.556381 0.556381 0.556381 0.556381 0.556381 0.556381 0.556381 0.556381 0.556381 0.556381 0.556381 0.556381 0.58722 0.56328 0.540381 0.518523 0.497706 0.47793 0.459194 0.441499 0.424846 0.409233 0.394661 0.381129 0.368639 0.357189 0.346781 0.337413 0.329086 0.3218 0.315555 0.310351 0.306187 0.303065 0.300983 0.299942 
0.986971 -5.87674 -0.2 -3.15653 0.668153 -0.581178 0.830107 -0.1 0 -0.538791 -1.06408 2.93767 -2.54553 2.33923 1.19576 -1.853 -1.7267 -1.45707 -3.77937 0.991776 0.276391 0 0 0 
87.5229 1000 0.0003 0.0003 0 0.88 -40 
0.5
0.639255 0.489881 0.385644 0.353185 2.44353 5.47886 6.27617 6.22851 6.22302 7.09955 7.03962 6.0188 5.17108 3.92642 2.83651 2.35567 0.831149 0.353063 0.0804317 0.001 0.0534828 0.145158 0.198091 0.531025 1.11671 1.74497 2.56801 3.30152 3.82267 4.51728 7.26996 6.79897 4.35152 2.9645 1.37098 0.543712 0.37282 0.001 0.001 0.001 
0.556381 0.556381 0.556381 0.556381 0.556381 0.556381 0.556381 0.556381 0.556381 0.556381 0.556381 0.556381 0.556381 0.556381 0.556381 0.556381 0.58722 0.56328 0.540381 0.518523 0.497706 0.47793 0.459194 0.441499 0.424846 0.409233 0.394661 0.381129 0.368639 0.357189 0.346781 0.337413 0.329086 0.3218 0.315555 0.310351 0.306187 0.303065 0.300983 0.299942 
0.986971 -5.87674 -0.2 -3.15653 0.668153 -0.581178 0.830107 -0.1 0 -0.538791 -1.06408 2.93767 -2.54553 2.33923 1.19576 -1.853 -1.7267 -1.45707 -3.77937 0.991776 0.276391 0 0 0 
86.1346 1000 0.0003 0.0003 0 0.88 -40 
0.51
0.639255 0.489881 0.385644 0.353185 2.44353 5.47886 6.27617 6.22851 6.22302 7.09955 7.03962 6.0188 5.17108 3.92642 2.83651 2.35567 0.831149 0.353063 0.0804317 0.001 0.0534828 0.145158 0.198091 0.531025 1.11671 1.74497 2.56801 3.30152 3.82267 4.51728 7.26996 6.79897 4.35152 2.9645 1.37098 0.543712 0.37282 0.001 0.001 0.001 
0.556381 0.556381 0.556381 0.556381 0.556381 0.556381 0.556381 0.556381 0.556381 0.556381 0.556381 0.556381 0.556381 0.556381 0.556381 0.556381 0.58722 0.56328 0.540381 0.518523 0.497706 0.47793 0.459194 0.441499 0.424846 0.409233 0.394661 0.381129 0.368639 0.357189 0.346781 0.337413 0.329086 0.3218 0.315555 0.310351 0.306187 0.303065 0.300983 0.299942 
0.986971 -5.87674 -0.2 -3.15653 0.668153 -0.581178 0.830107 -0.1 0 -0.538791 -1.06408 2.93767 -2.54553 2.33923 1.19576 -1.853 -1.7267 -1.45707 -3.77937 0.991776 0.276391 0 0 0 
84.7684 1000 0.0003 0.0003 0 0.88 -40 
0.52
0.639255 0.489881 0.385644 0.353185 2.44353 5.47886 6.27617 6.22851 6.22302 7.09955 7.03962 6.0188 5.17108 3.92642 2.83651 2.35567 0.831149 0.353063 0.0804317 0.001 0.0534828 0.145158 0.198091 0.531025 1.11671 1.74497 2.56801 3.30152 3.82267 4.51728 7.26996 6.79897 4.35152 2.9645 1.37098 0.543712 0.37282 0.001 0.001 0.001 
0.556381 0.556381 0.556381 0.556381 0.556381 0.556381 0.556381 0.556381 0.556381 0.556381 0.556381 0.556381 0.556381 0.556381 0.556381 0.556381 0.58722 0.56328 0.540381 0.518523 0.497706 0.47793 0.459194 0.441499 0.424846 0.409233 0.394661 0.381129 0.368639 0.357189 0.346781 0.337413 0.329086 0.3218 0.315555 0.310351 0.306187 0.303065 0.300983 0.299942 
0.986971 -5.87674 -0.2 -3.15653 0.668153 -0.581178 0.830107 -0.1 0 -0.538791 -1.06408 2.93767 -2.54553 2.33923 1.19576 -1.853 -1.7267 -1.45707 -3.77937 0.991776 0.276391 0 0 0 
83.4239 1000 0.0003 0.0003 0 0.88 -40 
0.53
0.639255 0.489881 0.385644 0.353185 2.44353 5.47886 6.27617 6.22851 6.22302 7.09955 7.03962 6.0188 5.17108 3.92642 2.83651 2.35567 0.831149 0.353063 0.0804317 0.001 0.0534828 0.145158 0.198091 0.531025 1.11671 1.74497 2.56801 3.30152 3.82267 4.51728 7.26996 6.79897 4.35152 2.9645 1.37098 0.543712 0.37282 0.001 0.001 0.001 
0.556381 0.556381 0.556381 0.556381 0.556381 0.556381 0.556381 0.556381 0.556381 0.556381 0.556381 0.556381 0.556381 0.556381 0.556381 0.556381 0.58722 0.56328 0.540381 0.518523 0.497706 0.47793 0.459194 0.441499 0.424846 0.409233 0.394661 0.381129 0.368639 0.357189 0.346781 0.337413 0.329086 0.3218 0.315555 0.310351 0.306187 0.303065 0.300983 0.299942 
0.986971 -5.87674 -0.2 -3.15653 0.668153 -0.581178 0.830107 -0.1 0 -0.538791 -1.06408 2.93767 -2.54553 2.33923 1.19576 -1.853 -1.7267 -1.45707 -3.77937 0.991776 0.276391 0 0 0 
82.1007 1000 0.0003 0.0003 0 0.88 -40 
0.54
0.639255 0.489881 0.385644 0.353185 2.44353 5.47886 6.27617 6.22851 6.22302 7.09955 7.03962 6.0188 5.17108 3.92642 2.83651 2.35567 0.831149 0.353063 0.0804317 0.001 0.0534828 0.145158 0.198091 0.531025 1.11671 1.74497 2.56801 3.30152 3.82267 4.51728 7.26996 6.79897 4.35152 2.9645 1.37098 0.543712 0.37282 0.001 0.001 0.001 
0.556381 0.556381 0.556381 0.556381 0.556381 0.556381 0.556381 0.556381 0.556381 0.556381 0.556381 0.556381 0.556381 0.556381 0.556381 0.556381 0.58722 0.56328 0.540381 0.518523 0.497706 0.47793 0.459194 0.441499 0.424846 0.409233 0.394661 0.381129 0.368639 0.357189 0.346781 0.337413 0.329086 0.3218 0.315555 0.310351 0.306187 0.303065 0.300983 0.299942 
0.986971 -5.87674 -0.2 -3.15653 0.668153 -0.581178 0.830107 -0.1 0 -0.538791 -1.06408 2.93767 -2.54553 2.33923 1.19576 -1.853 -1.7267 -1.45707 -3.77937 0.991776 0.276391 0 0 0 
80.7984 1000 0.0003 0.0003 0 0.88 -40 
0.55
0.639255 0.489881 0.385644 0.353185 2.44353 5.47886 6.27617 6.22851 6.22302 7.09955 7.03962 6.0188 5.17108 3.92642 2.83651 2.35567 0.831149 0.353063 0.0804317 0.001 0.0534828 0.145158 0.198091 0.531025 1.11671 1.74497 2.56801 3.30152 3.82267 4.51728 7.26996 6.79897 4.35152 2.9645 1.37098 0.543712 0.37282 0.001 0.001 0.001 
0.556381 0.556381 0.556381 0.556381 0.556381 0.556381 0.556381 0.556381 0.556381 0.556381 0.556381 0.556381 0.556381 0.556381 0.556381 0.556381 0.58722 0.56328 0.540381 0.518523 0.497706 0.47793 0.459194 0.441499 0.424846 0.409233 0.394661 0.381129 0.368639 0.357189 0.346781 0.337413 0.329086 0.3218 0.315555 0.310351 0.306187 0.303065 0.300983 0.299942 
0.986971 -5.87674 -0.2 -3.15653 0.668153 -0.581178 0.830107 -0.1 0 -0.538791 -1.06408 2.93767 -2.54553 2.33923 1.19576 -1.853 -1.7267 -1.45707 -3.77937 0.991776 0.276391 0 0 0 
79.5168 1000 0.0003 0.0003 0 0.88 -40 
0.56
0.639255 0.489881 0.385644 0.353185 2.44353 5.47886 6.27617 6.22851 6.22302 7.09955 7.03962 6.0188 5.17108 3.92642 2.83651 2.35567 0.831149 0.353063 0.0804317 0.001 0.0534828 0.145158 0.198091 0.531025 1.11671 1.74497 2.56801 3.30152 3.82267 4.51728 7.26996 6.79897 4.35152 2.9645 1.37098 0.543712 0.37282 0.001 0.001 0.001 
0.556381 0.556381 0.556381 0.556381 0.556381 0.556381 0.556381 0.556381 0.556381 0.556381 0.556381 0.556381 0.556381 0.556381 0.556381 0.556381 0.58722 0.56328 0.540381 0.518523 0.497706 0.47793 0.459194 0.441499 0.424846 0.409233 0.394661 0.381129 0.368639 0.357189 0.346781 0.337413 0.329086 0.3218 0.315555 0.310351 0.306187 0.303065 0.300983 0.299942 
0.986971 -5.87674 -0.2 -3.15653 0.668153 -0.581178 0.830107 -0.1 0 -0.538791 -1.06408 2.93767 -2.54553 2.33923 1.19576 -1.853 -1.7267 -1.45707 -3.77937 0.991776 0.276391 0 0 0 
78.2556 1000 0.0003 0.0003 0 0.88 -40 
0.57
0.639255 0.489881 0.385644 0.353185 2.44353 5.47886 6.27617 6.22851 6.22302 7.09955 7.03962 6.0188 5.17108 3.92642 2.83651 2.35567 0.831149 0.353063 0.0804317 0.001 0.0534828 0.145158 0.198091 0.531025 1.11671 1.74497 2.56801 3.30152 3.82267 4.51728 7.26996 6.79897 4.35152 2.9645 1.37098 0.543712 0.37282 0.001 0.001 0.001 
0.556381 0.556381 0.556381 0.556381 0.556381 0.556381 0.556381 0.556381 0.556381 0.556381 0.556381 0.556381 0.556381 0.556381 0.556381 0.556381 0.58722 0.56328 0.540381 0.518523 0.497706 0.47793 0.459194 0.441499 0.424846 0.409233 0.394661 0.381129 0.368639 0.357189 0.346781 0.337413 0.329086 0.3218 0.315555 0.310351 0.306187 0.303065 0.300983 0.299942 
0.986971 -5.87674 -0.2 -3.15653 0.668153 -0.581178 0.830107 -0.1 0 -0.538791 -1.06408 2.93767 -2.54553 2.33923 1.19576 -1.853 -1.7267 -1.45707 -3.77937 0.991776 0.276391 0 0 0 
77.0143 1000 0.0003 0.0003 0 0.88 -40 
0.58
0.639255 0.489881 0.385644 0.353185 2.44353 5.47886 6.27617 6.22851 6.22302 7.09955 7.03962 6.0188 5.17108 3.92642 2.83651 2.35567 0.831149 0.353063 0.0804317 0.001 0.0534828 0.145158 0.198091 0.531025 1.11671 1.74497 2.56801 3.30152 3.82267 4.51728 7.26996 6.79897 4.35152 2.9645 1.37098 0.543712 0.37282 0.001 0.001 0.001 
0.556381 0.556381 0.556381 0.556381 0.556381 0.556381 0.556381 0.556381 0.556381 0.556381 0.556381 0.556381 0.556381 0.556381 0.556381 0.556381 0.58722 0.56328 0.540381 0.518523 0.497706 0.47793 0.459194 0.441499 0.424846 0.409233 0.394661 0.381129 0.368639 0.357189 0.346781 0.337413 0.329086 0.3218 0.315555 0.310351 0.306187 0.303065 0.300983 0.299942 
0.986971 -5.87674 -0.2 -3.15653 0.668153 -0.581178 0.830107 -0.1 0 -0.538791 -1.06408 2.93767 -2.54553 2.33923 1.19576 -1.853 -1.7267 -1.45707 -3.77937 0.991776 0.276391 0 0 0 
75.7928 1000 0.0003 0.0003 0 0.88 -40 
0.59
0.639255 0.489881 0.385644 0.353185 2.44353 5.47886 6.27617 6.22851 6.22302 7.09955 7.03962 6.0188 5.17108 3.92642 2.83651 2.35567 0.831149 0.353063 0.0804317 0.001 0.0534828 0.145158 0.198091 0.531025 1.11671 1.74497 2.56801 3.30152 3.82267 4.51728 7.26996 6.79897 4.35152 2.9645 1.37098 0.543712 0.37282 0.001 0.001 0.001 
0.556381 0.556381 0.556381 0.556381 0.556381 0.556381 0.556381 0.556381 0.556381 0.556381 0.556381 0.556381 0.556381 0.556381 0.556381 0.556381 0.58722 0.56328 0.540381 0.518523 0.497706 0.47793 0.459194 0.441499 0.424846 0.409233 0.394661 0.381129 0.368639 0.357189 0.346781 0.337413 0.329086 0.3218 0.315555 0.310351 0.306187 0.303065 0.300983 0.299942 
0.986971 -5.87674 -0.2 -3.15653 0.668153 -0.581178 0.830107 -0.1 0 -0.538791 -1.06408 2.93767 -2.54553 2.33923 1.19576 -1.853 -1.7267 -1.45707 -3.77937 0.991776 0.276391 0 0 0 
74.5906 899.075 0.0003 0.0003 0 0.88 -40 
0.6
0.639255 0.489881 0.385644 0.353185 2.44353 5.47886 6.27617 6.22851 6.22302 7.09955 7.03962 6.0188 5.17108 3.92642 2.83651 2.35567 0.831149 0.353063 0.0804317 0.001 0.0534828 0.145158 0.198091 0.531025 1.11671 1.74497 2.56801 3.30152 3.82267 4.51728 7.26996 6.79897 4.35152 2.9645 1.37098 0.543712 0.37282 0.001 0.001 0.001 
0.556381 0.556381 0.556381 0.556381 0.556381 0.556381 0.556381 0.556381 0.556381 0.556381 0.556381 0.556381 0.556381 0.556381 0.556381 0.556381 0.58722 0.56328 0.540381 0.518523 0.497706 0.47793 0.459194 0.441499 0.424846 0.409233 0.394661 0.381129 0.368639 0.357189 0.346781 0.337413 0.329086 0.3218 0.315555 0.310351 0.306187 0.303065 0.300983 0.299942 
0.986971 -5.87674 -0.2 -3.15653 0.668153 -0.581178 0.830107 -0.1 0 -0.538791 -1.06408 2.93767 -2.54553 2.33923 1.19576 -1.853 -1.7267 -1.45707 -3.77937 0.991776 0.276391 0 0 0 
73.4075 508.552 0.0003 0.0003 0 0.88 -40 
0.61
0.639255 0.489881 0.385644 0.353185 2.44353 5.47886 6.27617 6.22851 6.22302 7.09955 7.03962 6.0188 5.17108 3.92642 2.83651 2.35567 0.831149 0.353063 0.0804317 0.001 0.0534828 0.145158 0.198091 0.531025 1.11671 1.74497 2.56801 3.30152 3.82267 4.51728 7.26996 6.79897 4.35152 2.9645 1.37098 0.543712 0.37282 0.001 0.001 0.001 
0.556381 0.556381 0.556381 0.556381 0.556381 0.556381 0.556381 0.556381 0.556381 0.556381 0.556381 0.556381 0.556381 0.556381 0.556381 0.556381 0.58722 0.56328 0.540381 0.518523 0.497706 0.47793 0.459194 0.441499 0.424846 0.409233 0.394661 0.381129 0.368639 0.357189 0.346781 0.337413 0.329086 0.3218 0.315555 0.310351 0.306187 0.303065 0.300983 0.299942 
0.986971 -5.87674 -0.2 -3.15653 0.668153 -0.581178 0.830107 -0.1 0 -0.538791 -1.06408 2.93767 -2.54553 2.33923 1.19576 -1.853 -1.7267 -1.45707 -3.77937 0.991776 0.276391 0 0 0 
72.2431 203.29 0.0003 0.0003 0 0.88 -40 
0.62
0.639255 0.489881 0.385644 0.353185 2.44353 5.47886 6.27617 6.22851 6.22302 7.09955 7.03962 6.0188 5.17108 3.92642 2.83651 2.35567 0.831149 0.353063 0.0804317 0.001 0.0534828 0.145158 0.198091 0.531025 1.11671 1.74497 2.56801 3.30152 3.82267 4.51728 7.26996 6.79897 4.35152 2.9645 1.37098 0.543712 0.37282 0.001 0.001 0.001 
0.556381 0.556381 0.556381 0.556381 0.556381 0.556381 0.556381 0.556381 0.556381 0.556381 0.556381 0.556381 0.556381 0.556381 0.556381 0.556381 0.58722 0.56328 0.540381 0.518523 0.497706 0.47793 0.459194 0.441499 0.424846 0.409233 0.394661 0.381129 0.368639 0.357189 0.346781 0.337413 0.329086 0.3218 0.315555 0.310351 0.306187 0.303065 0.300983 0.299942 
0.986971 -5.87674 -0.2 -3.15653 0.668153 -0.581178 0.830107 -0.1 0 -0.538791 -1.06408 2.93767 -2.54553 2.33923 1.19576 -1.853 -1.7267 -1.45707 -3.77937 0.991776 0.276391 0 0 0 
71.0972 65.0706 0.0003 0.0003 0 0.88 -40 
0.63
0.639255 0.489881 0.385644 0.353185 2.44353 5.47886 6.27617 6.22851 6.22302 7.09955 7.03962 6.0188 5.17108 3.92642 2.83651 2.35567 0.831149 0.353063 0.0804317 0.001 0.0534828 0.145158 0.198091 0.531025 1.11671 1.74497 2.56801 3.30152 3.82267 4.51728 7.26996 6.79897 4.35152 2.9645 1.37098 0.543712 0.37282 0.001 0.001 0.001 
0.556381 0.556381 0.556381 0.556381 0.556381 0.556381 0.556381 0.556381 0.556381 0.556381 0.556381 0.556381 0.556381 0.556381 0.556381 0.556381 0.58722 0.56328 0.540381 0.518523 0.497706 0.47793 0.459194 0.441499 0.424846 0.409233 0.394661 0.381129 0.368639 0.357189 0.346781 0.337413 0.329086 0.3218 0.315555 0.310351 0.306187 0.303065 0.300983 0.299942 
0.986971 -5.87674 -0.2 -3.15653 0.668153 -0.581178 0.830107 -0.1 0 -0.538791 -1.06408 2.93767 -2.54553 2.33923 1.19576 -1.853 -1.7267 -1.45707 -3.77937 0.991776 0.276391 0 0 0 
69.9695 17.9411 0.0003 0.0003 0 0.88 -40 
0.64
0.639255 0.489881 0.385644 0.353185 2.44353 5.47886 6.27617 6.22851 6.22302 7.09955 7.03962 6.0188 5.17108 3.92642 2.83651 2.35567 0.831149 0.353063 0.0804317 0.001 0.0534828 0.145158 0.198091 0.531025 1.11671 1.74497 2.56801 3.30152 3.82267 4.51728 7.26996 6.79897 4.35152 2.9645 1.37098 0.543712 0.37282 0.001 0.001 0.001 
0.556381 0.556381 0.556381 0.556381 0.556381 0.556381 0.556381 0.556381 0.556381 0.556381 0.556381 0.556381 0.556381 0.556381 0.556381 0.556381 0.58722 0.56328 0.540381 0.518523 0.497706 0.47793 0.459194 0.441499 0.424846 0.409233 0.394661 0.381129 0.368639 0.357189 0.346781 0.337413 0.329086 0.3218 0.315555 0.310351 0.306187 0.303065 0.300983 0.299942 
0.986971 -5.87674 -0.2 -3.15653 0.668153 -0.581178 0.830107 -0.1 0 -0.538791 -1.06408 2.93767 -2.54553 2.33923 1.19576 -1.853 -1.7267 -1.45707 -3.77937 0.991776 0.276391 0 0 0 
68.8597 4.44907 0.0003 0.0003 0 0.88 -40 
0.65
0.639255 0.489881 0.385644 0.353185 2.44353 5.47886 6.27617 6.22851 6.22302 7.09955 7.03962 6.0188 5.17108 3.92642 2.83651 2.35567 0.831149 0.353063 0.0804317 0.001 0.0534828 0.145158 0.198091 0.531025 1.11671 1.74497 2.56801 3.30152 3.82267 4.51728 7.26996 6.79897 4.35152 2.9645 1.37098 0.543712 0.37282 0.001 0.001 0.001 
0.556381 0.556381 0.556381 0.556381 0.556381 0.556381 0.556381 0.556381 0.556381 0.556381 0.556381 0.556381 0.556381 0.556381 0.556381 0.556381 0.58722 0.56328 0.540381 0.518523 0.497706 0.47793 0.459194 0.441499 0.424846 0.409233 0.394661 0.381129 0.368639 0.357189 0.346781 0.337413 0.329086 0.3218 0.315555 0.310351 0.306187 0.303065 0.300983 0.299942 
0.986971 -5.87674 -0.2 -3.15653 0.668153 -0.581178 0.830107 -0.1 0 -0.538791 -1.06408 2.93767 -2.54553 2.33923 1.19576 -1.853 -1.7267 -1.45707 -3.77937 0.991776 0.276391 0 0 0 
67.7675 1.0196 0.0003 0.0003 0 0.88 -40 
0.66
0.639255 0.489881 0.385644 0.353185 2.44353 5.47886 6.27617 6.22851 6.22302 7.09955 7.03962 6.0188 5.17108 3.92642 2.83651 2.35567 0.831149 0.353063 0.0804317 0.001 0.0534828 0.145158 0.198091 0.531025 1.11671 1.74497 2.56801 3.30152 3.82267 4.51728 7.26996 6.79897 4.35152 2.9645 1.37098 0.543712 0.37282 0.001 0.001 0.001 
0.556381 0.556381 0.556381 0.556381 0.556381 0.556381 0.556381 0.556381 0.556381 0.556381 0.556381 0.556381 0.556381 0.556381 0.556381 0.556381 0.58722 0.56328 0.540381 0.518523 0.497706 0.47793 0.459194 0.441499 0.424846 0.409233 0.394661 0.381129 0.368639 0.357189 0.346781 0.337413 0.329086 0.3218 0.315555 0.310351 0.306187 0.303065 0.300983 0.299942 
0.986971 -5.87674 -0.2 -3.15653 0.668153 -0.581178 0.830107 -0.1 0 -0.538791 -1.06408 2.93767 -2.54553 2.33923 1.19576 -1.853 -1.7267 -1.45707 -3.77937 0.991776 0.276391 0 0 0 
66.6926 0.219867 0.0003 0.0003 0 0.88 -40 
0.67
0.639255 0.489881 0.385644 0.353185 2.44353 5.47886 6.27617 6.22851 6.22302 7.09955 7.03962 6.0188 5.17108 3.92642 2.83651 2.35567 0.831149 0.353063 0.0804317 0.001 0.0534828 0.145158 0.198091 0.531025 1.11671 1.74497 2.56801 3.30152 3.82267 4.51728 7.26996 6.79897 4.35152 2.9645 1.37098 0.543712 0.37282 0.001 0.001 0.001 
0.556381 0.556381 0.556381 0.556381 0.556381 0.556381 0.556381 0.556381 0.556381 0.556381 0.556381 0.556381 0.556381 0.556381 0.556381 0.556381 0.58722 0.56328 0.540381 0.518523 0.497706 0.47793 0.459194 0.441499 0.424846 0.409233 0.394661 0.381129 0.368639 0.357189 0.346781 0.337413 0.329086 0.3218 0.315555 0.310351 0.306187 0.303065 0.300983 0.299942 
0.986971 -5.87674 -0.2 -3.15653 0.668153 -0.581178 0.830107 -0.1 0 -0.538791 -1.06408 2.93767 -2.54553 2.33923 1.19576 -1.853 -1.7267 -1.45707 -3.77937 0.991776 0.276391 0 0 0 
65.6348 0.0451746 0.0003 0.0003 0 0.88 -40 
0.68
0.639255 0.489881 0.385644 0.353185 2.44353 5.47886 6.27617 6.22851 6.22302 7.09955 7.03962 6.0188 5.17108 3.92642 2.83651 2.35567 0.831149 0.353063 0.0804317 0.001 0.0534828 0.145158 0.198091 0.531025 1.11671 1.74497 2.56801 3.30152 3.82267 4.51728 7.26996 6.79897 4.35152 2.9645 1.37098 0.543712 0.37282 0.001 0.001 0.001 
0.556381 0.556381 0.556381 0.556381 0.556381 0.556381 0.556381 0.556381 0.556381 0.556381 0.556381 0.556381 0.556381 0.556381 0.556381 0.556381 0.58722 0.56328 0.540381 0.518523 0.497706 0.47793 0.459194 0.441499 0.424846 0.409233 0.394661 0.381129 0.368639 0.357189 0.346781 0.337413 0.329086 0.3218 0.315555 0.310351 0.306187 0.303065 0.300983 0.299942 
0.986971 -5.87674 -0.2 -3.15653 0.668153 -0.581178 0.830107 -0.1 0 -0.538791 -1.06408 2.93767 -2.54553 2.33923 1.19576 -1.853 -1.7267 -1.45707 -3.77937 0.991776 0.276391 0 0 0 
64.5937 0.00892405 0.0003 0.0003 0 0.88 -40 
